tempo de leitura: 0.020722
Iteracao	Erro < 0.001000
0		0.661522
1		0.430001
2		0.089389
3		0.010394
4		0.003918
5		0.003547
6		0.002824
7		0.002996
8		0.003349
9		0.001961
10		0.002304
11		0.003245
12		0.002761
13		0.002616
14		0.003624
15		0.003044
16		0.002555
17		0.002177
18		0.001956
19		0.003050
20		0.002166
21		0.002677
22		0.002454
23		0.003012
24		0.002864
25		0.002622
26		0.003225
27		0.002165
28		0.003101
29		0.002812
30		0.003277
31		0.003467
32		0.003138
33		0.002564
34		0.002726
35		0.003386
36		0.002790
37		0.002609
38		0.002862
39		0.002827
40		0.002442
41		0.002688
42		0.003249
43		0.002389
44		0.002601
45		0.002875
46		0.003096
47		0.002890
48		0.003391
49		0.002588
50		0.002677
51		0.004087
52		0.003192
53		0.002751
54		0.002932
55		0.003081
56		0.003589
57		0.003297
58		0.002081
59		0.002596
60		0.002354
61		0.002722
62		0.002613
63		0.002600
64		0.003352
65		0.003234
66		0.002344
67		0.002328
68		0.003546
69		0.003280
70		0.002778
71		0.002709
72		0.002301
73		0.003467
74		0.003458
75		0.002468
76		0.002871
77		0.002674
78		0.002039
79		0.002150
80		0.003051
81		0.003949
82		0.004098
83		0.003379
84		0.003319
85		0.003273
86		0.002354
87		0.002379
88		0.002136
89		0.003070
90		0.002988
91		0.002060
92		0.003398
93		0.002801
94		0.003239
95		0.002652
96		0.003026
97		0.003302
98		0.003232
99		0.002130
100		0.003087
101		0.002780
102		0.003978
103		0.003475
104		0.002638
105		0.003110
106		0.003221
107		0.002696
108		0.003555
109		0.004313
110		0.003337
111		0.002634
112		0.002598
113		0.003235
114		0.003119
115		0.002516
116		0.002604
117		0.001930
118		0.002684
119		0.001957
120		0.002770
121		0.002935
122		0.003715
123		0.003755
124		0.002690
125		0.002192
126		0.003022
127		0.002439
128		0.002875
129		0.002148
130		0.002788
131		0.003398
132		0.003021
133		0.002429
134		0.003367
135		0.003116
136		0.003252
137		0.003206
138		0.002943
139		0.003128
140		0.002678
141		0.002852
142		0.002846
143		0.002730
144		0.002982
145		0.003694
146		0.003164
147		0.001998
148		0.002493
149		0.002628
150		0.003246
151		0.003712
152		0.002434
153		0.002685
154		0.003548
155		0.003412
156		0.003609
157		0.003570
158		0.002517
159		0.002743
160		0.002768
161		0.003300
162		0.003204
163		0.002814
164		0.003124
165		0.003353
166		0.003177
167		0.003907
168		0.003946
169		0.002386
170		0.002744
171		0.002719
172		0.003294
173		0.002932
174		0.003351
175		0.002077
176		0.003263
177		0.003495
178		0.002206
179		0.002990
180		0.002684
181		0.002556
182		0.002976
183		0.003153
184		0.002809
185		0.002772
186		0.003400
187		0.003404
188		0.003275
189		0.002808
190		0.002603
191		0.002404
192		0.002444
193		0.001920
194		0.003744
195		0.003234
196		0.002196
197		0.001536
198		0.002675
199		0.002757
200		0.003466
201		0.002859
202		0.002130
203		0.002208
204		0.002473
205		0.002161
206		0.003255
207		0.003520
208		0.002026
209		0.003316
210		0.003339
211		0.002779
212		0.002530
213		0.002641
214		0.002261
215		0.003719
216		0.003675
217		0.002255
218		0.002553
219		0.002531
220		0.002279
221		0.002605
222		0.002795
223		0.002596
224		0.002644
225		0.002685
226		0.003197
227		0.003171
228		0.003079
229		0.003193
230		0.002578
231		0.002574
232		0.002022
233		0.003383
234		0.003377
235		0.002435
236		0.002707
237		0.002630
238		0.001907
239		0.003754
240		0.003808
241		0.002580
242		0.003167
243		0.002885
244		0.002940
245		0.002973
246		0.003184
247		0.001958
248		0.003138
249		0.003629
250		0.002789
251		0.003242
252		0.003170
253		0.003755
254		0.003691
255		0.002201
256		0.002561
257		0.003193
258		0.002217
259		0.002190
260		0.002650
261		0.003353
262		0.002714
263		0.002829
264		0.002599
265		0.003249
266		0.003271
267		0.002591
268		0.002932
269		0.002820
270		0.002651
271		0.003298
272		0.003445
273		0.003040
274		0.003158
275		0.002041
276		0.003270
277		0.003582
278		0.002542
279		0.002993
280		0.003290
281		0.003106
282		0.002067
283		0.002161
284		0.001923
285		0.003653
286		0.002664
287		0.003448
288		0.002018
289		0.002453
290		0.002178
291		0.002055
292		0.003365
293		0.003164
294		0.002610
295		0.002038
296		0.002502
297		0.002332
298		0.003347
299		0.003025
300		0.003281
301		0.002531
302		0.002774
303		0.002393
304		0.003190
305		0.003243
306		0.003224
307		0.002961
308		0.002978
309		0.002977
310		0.002806
311		0.002398
312		0.002881
313		0.002977
314		0.002860
315		0.003237
316		0.003167
317		0.002639
318		0.002021
319		0.002609
320		0.002674
321		0.001836
322		0.002785
323		0.002844
324		0.003027
325		0.003049
326		0.003475
327		0.003662
328		0.003666
329		0.004087
330		0.003088
331		0.002926
332		0.003065
333		0.003368
334		0.002741
335		0.003185
336		0.002919
337		0.002826
338		0.003326
339		0.003307
340		0.002482
341		0.002606
342		0.002633
343		0.002714
344		0.003135
345		0.002085
346		0.002217
347		0.002272
348		0.002046
349		0.002804
350		0.003484
351		0.003979
352		0.003063
353		0.002509
354		0.002514
355		0.003552
356		0.003170
357		0.002978
358		0.003172
359		0.002856
360		0.002236
361		0.002043
362		0.003193
363		0.003220
364		0.003441
365		0.003355
366		0.002023
367		0.003031
368		0.003336
369		0.003534
370		0.003289
371		0.002388
372		0.001980
373		0.002499
374		0.002285
375		0.002423
376		0.002354
377		0.002521
378		0.003284
379		0.003865
380		0.003802
381		0.003671
382		0.003888
383		0.003127
384		0.003317
385		0.002124
386		0.001153
387		0.001898
388		0.002102
389		0.002706
390		0.003427
391		0.003192
392		0.004261
393		0.004099
394		0.003639
395		0.002985
396		0.001847
397		0.002337
398		0.001983
399		0.002269
400		0.002136
401		0.001967
402		0.002886
403		0.002781
404		0.003606
405		0.003374
406		0.002487
407		0.002067
408		0.002324
409		0.002760
410		0.002010
411		0.002561
412		0.002648
413		0.001825
414		0.003380
415		0.003094
416		0.003277
417		0.003001
418		0.002294
419		0.002056
420		0.003490
421		0.003071
422		0.003639
423		0.004122
424		0.003734
425		0.003498
426		0.002337
427		0.002572
428		0.002803
429		0.002141
430		0.003990
431		0.003672
432		0.001754
433		0.002666
434		0.003093
435		0.002654
436		0.002115
437		0.002687
438		0.002293
439		0.002994
440		0.004220
441		0.003839
442		0.003752
443		0.004210
444		0.003456
445		0.003017
446		0.003115
447		0.002171
448		0.002117
449		0.002920
450		0.002990
451		0.002921
452		0.002489
453		0.002817
454		0.002648
455		0.003168
456		0.003538
457		0.003918
458		0.003881
459		0.002387
460		0.002157
461		0.003303
462		0.003649
463		0.003047
464		0.003534
465		0.002318
466		0.002340
467		0.002283
468		0.002616
469		0.002058
470		0.002258
471		0.001816
472		0.003233
473		0.003672
474		0.003164
475		0.002141
476		0.001960
477		0.002614
478		0.002708
479		0.002418
480		0.002480
481		0.002620
482		0.003268
483		0.003256
484		0.003606
485		0.003772
486		0.004371
487		0.003099
488		0.003071
489		0.002441
490		0.002828
491		0.002898
492		0.002433
493		0.002657
494		0.001951
495		0.003166
496		0.003066
497		0.002818
498		0.002145
499		0.003353
500		0.003225
501		0.003106
502		0.002956
503		0.001794
504		0.002531
505		0.003011
506		0.002322
507		0.002958
508		0.003057
509		0.001914
510		0.003396
511		0.003550
512		0.004419
513		0.003781
514		0.002316
515		0.002499
516		0.002413
517		0.002393
518		0.002159
519		0.002084
520		0.002229
521		0.003401
522		0.003418
523		0.004010
524		0.003065
525		0.003292
526		0.001726
527		0.002399
528		0.002673
529		0.002662
530		0.002608
531		0.001639
532		0.002254
533		0.002098
534		0.003345
535		0.003491
536		0.002414
537		0.002885
538		0.002015
539		0.002419
540		0.003869
541		0.003758
542		0.002715
543		0.003550
544		0.003400
545		0.002264
546		0.001958
547		0.002203
548		0.002135
549		0.002115
550		0.002165
551		0.002661
552		0.001463
553		0.002614
554		0.002918
555		0.003091
556		0.002928
557		0.002833
558		0.002946
559		0.002493
560		0.002727
561		0.002967
562		0.003204
563		0.002606
564		0.002457
565		0.002869
566		0.003173
567		0.002578
568		0.001905
569		0.003003
570		0.003158
571		0.002755
572		0.002461
573		0.002342
574		0.002492
575		0.003335
576		0.003339
577		0.003476
578		0.003130
579		0.002422
580		0.002386
581		0.003640
582		0.003209
583		0.001840
584		0.002425
585		0.002828
586		0.002006
587		0.002675
588		0.002307
589		0.002064
590		0.002827
591		0.003208
592		0.002539
593		0.002472
594		0.002768
595		0.002433
596		0.002087
597		0.003057
598		0.003552
599		0.003171
600		0.002204
601		0.003068
602		0.002894
603		0.002501
604		0.002652
605		0.002324
606		0.002723
607		0.002162
608		0.002338
609		0.002653
610		0.002006
611		0.002406
612		0.002971
613		0.003716
614		0.003180
615		0.003781
616		0.003160
617		0.003027
618		0.002546
619		0.003247
620		0.002217
621		0.003282
622		0.003096
623		0.002805
624		0.002043
625		0.002413
626		0.003167
627		0.003109
628		0.002951
629		0.002005
630		0.002362
631		0.002129
632		0.002404
633		0.003529
634		0.003079
635		0.002810
636		0.002424
637		0.002376
638		0.003467
639		0.003099
640		0.002163
641		0.002238
642		0.002582
643		0.002530
644		0.001975
645		0.001844
646		0.002906
647		0.003060
648		0.003350
649		0.002981
650		0.002732
651		0.002031
652		0.002042
653		0.001889
654		0.003237
655		0.003294
656		0.003075
657		0.002836
658		0.002837
659		0.001860
660		0.002574
661		0.003608
662		0.003015
663		0.001652
664		0.002000
665		0.002714
666		0.003391
667		0.003410
668		0.003693
669		0.002291
670		0.001821
671		0.003132
672		0.003269
673		0.003039
674		0.002340
675		0.003614
676		0.003642
677		0.003831
678		0.003011
679		0.002432
680		0.002945
681		0.002982
682		0.002968
683		0.002458
684		0.003164
685		0.003051
686		0.002390
687		0.002197
688		0.002450
689		0.002219
690		0.002053
691		0.003062
692		0.003661
693		0.003010
694		0.003610
695		0.003401
696		0.002178
697		0.002147
698		0.002354
699		0.002544
700		0.002189
701		0.002403
702		0.001780
703		0.003208
704		0.003225
705		0.003312
706		0.003414
707		0.002378
708		0.002049
709		0.003017
710		0.003109
711		0.003083
712		0.002570
713		0.002713
714		0.002883
715		0.002845
716		0.002782
717		0.002139
718		0.002092
719		0.002515
720		0.002065
721		0.002379
722		0.002139
723		0.002746
724		0.001745
725		0.001813
726		0.002452
727		0.002315
728		0.001985
729		0.002331
730		0.002033
731		0.002528
732		0.001903
733		0.003382
734		0.003489
735		0.002071
736		0.002644
737		0.002436
738		0.002714
739		0.001620
740		0.003561
741		0.003569
742		0.002763
743		0.002551
744		0.002329
745		0.002257
746		0.002192
747		0.003890
748		0.003620
749		0.002584
750		0.002253
751		0.002158
752		0.003048
753		0.003536
754		0.003492
755		0.003529
756		0.003489
757		0.002477
758		0.002971
759		0.002539
760		0.001965
761		0.002732
762		0.002074
763		0.002725
764		0.003858
765		0.003719
766		0.003426
767		0.002665
768		0.003141
769		0.002942
770		0.002096
771		0.002891
772		0.002726
773		0.002725
774		0.002750
775		0.003263
776		0.002901
777		0.003079
778		0.002394
779		0.001877
780		0.002436
781		0.002321
782		0.002230
783		0.003109
784		0.003096
785		0.002049
786		0.003144
787		0.003541
788		0.002039
789		0.002922
790		0.002905
791		0.002737
792		0.002073
793		0.002777
794		0.004110
795		0.003048
796		0.002000
797		0.003007
798		0.003235
799		0.004179
800		0.004111
801		0.002362
802		0.002938
803		0.003020
804		0.003898
805		0.002863
806		0.002567
807		0.002714
808		0.003049
809		0.002635
810		0.001978
811		0.002523
812		0.002752
813		0.003643
814		0.003558
815		0.003429
816		0.003458
817		0.002573
818		0.002844
819		0.003499
820		0.003080
821		0.002627
822		0.001985
823		0.002447
824		0.002698
825		0.002100
826		0.002088
827		0.003135
828		0.003222
829		0.002508
830		0.002040
831		0.003051
832		0.003715
833		0.003678
834		0.002538
835		0.002556
836		0.002104
837		0.002650
838		0.002983
839		0.002303
840		0.001941
841		0.003180
842		0.002315
843		0.002526
844		0.002284
845		0.002262
846		0.002002
847		0.002089
848		0.002220
849		0.002295
850		0.002400
851		0.001996
852		0.002230
853		0.002538
854		0.002293
855		0.002737
856		0.003478
857		0.002540
858		0.001836
859		0.002137
860		0.001940
861		0.002660
862		0.003006
863		0.003381
864		0.002722
865		0.002880
866		0.003350
867		0.003911
868		0.002859
869		0.002866
870		0.003046
871		0.004318
872		0.003745
873		0.002608
874		0.002272
875		0.002276
876		0.001912
877		0.002312
878		0.002561
879		0.001866
880		0.002949
881		0.002990
882		0.002674
883		0.002722
884		0.003149
885		0.003191
886		0.002775
887		0.002958
888		0.003002
889		0.001974
890		0.001978
891		0.002837
892		0.003213
893		0.002608
894		0.002131
895		0.003445
896		0.003724
897		0.003690
898		0.003875
899		0.002980
900		0.003057
901		0.003082
902		0.002752
903		0.002533
904		0.002521
905		0.002214
906		0.003328
907		0.003244
908		0.002280
909		0.002447
910		0.002208
911		0.003263
912		0.002453
913		0.003564
914		0.002047
915		0.003047
916		0.003232
917		0.002925
918		0.003055
919		0.003378
920		0.003433
921		0.001862
922		0.002656
923		0.002432
924		0.001428
925		0.002494
926		0.001727
927		0.001984
928		0.002857
929		0.003015
930		0.002602
931		0.001695
932		0.002368
933		0.001919
934		0.002691
935		0.002817
936		0.003280
937		0.004285
938		0.002758
939		0.002660
940		0.002234
941		0.002443
942		0.001855
943		0.002703
944		0.002531
945		0.001879
946		0.002999
947		0.002859
948		0.002162
949		0.002555
950		0.003011
951		0.003152
952		0.002353
953		0.001970
954		0.002764
955		0.002655
956		0.002461
957		0.002789
958		0.002839
959		0.003688
960		0.003410
961		0.002263
962		0.004018
963		0.004012
964		0.002424
965		0.003263
966		0.003425
967		0.003104
968		0.003526
969		0.003391
970		0.003879
971		0.002704
972		0.001667
973		0.002356
974		0.001977
975		0.002610
976		0.002609
977		0.002671
978		0.003534
979		0.002240
980		0.002416
981		0.003574
982		0.002839
983		0.002697
984		0.002805
985		0.003193
986		0.003406
987		0.003003
988		0.002576
989		0.002549
990		0.001947
991		0.001793
992		0.002807
993		0.002133
994		0.002052
995		0.003212
996		0.003593
997		0.002900
998		0.002359
999		0.002141
1000		0.003175
1001		0.003032
1002		0.002218
1003		0.003385
1004		0.001869
1005		0.003626
1006		0.003727
1007		0.002764
1008		0.002821
1009		0.002272
1010		0.002497
1011		0.001806
1012		0.003346
1013		0.003294
1014		0.003143
1015		0.002796
1016		0.003391
1017		0.002811
1018		0.003196
1019		0.001804
1020		0.002054
1021		0.002869
1022		0.002554
1023		0.002563
1024		0.002331
1025		0.003015
1026		0.003269
1027		0.002182
1028		0.001925
1029		0.003063
1030		0.003428
1031		0.002591
1032		0.002276
1033		0.002477
1034		0.003732
1035		0.003704
1036		0.002524
1037		0.002080
1038		0.002311
1039		0.002466
1040		0.003199
1041		0.003417
1042		0.003036
1043		0.002915
1044		0.002717
1045		0.002492
1046		0.002199
1047		0.002528
1048		0.002168
1049		0.003004
1050		0.002990
1051		0.002519
1052		0.002763
1053		0.002027
1054		0.002859
1055		0.002107
1056		0.002514
1057		0.001935
1058		0.002817
1059		0.003515
1060		0.002784
1061		0.002879
1062		0.001865
1063		0.003288
1064		0.004087
1065		0.003206
1066		0.003671
1067		0.002862
1068		0.003191
1069		0.002974
1070		0.004110
1071		0.004118
1072		0.002840
1073		0.002521
1074		0.002480
1075		0.003089
1076		0.003330
1077		0.004051
1078		0.002564
1079		0.002603
1080		0.003392
1081		0.003710
1082		0.003068
1083		0.003232
1084		0.003060
1085		0.002167
1086		0.002552
1087		0.002520
1088		0.003055
1089		0.003117
1090		0.002815
1091		0.003075
1092		0.002195
1093		0.001936
1094		0.003028
1095		0.003620
1096		0.004545
1097		0.004890
1098		0.002636
1099		0.002908
1100		0.003225
1101		0.002975
1102		0.001824
1103		0.002006
1104		0.002906
1105		0.003322
1106		0.003490
1107		0.002653
1108		0.002596
1109		0.002766
1110		0.001950
1111		0.002478
1112		0.002688
1113		0.002214
1114		0.002167
1115		0.002496
1116		0.002118
1117		0.002543
1118		0.003254
1119		0.002461
1120		0.002253
1121		0.002689
1122		0.002033
1123		0.002615
1124		0.002649
1125		0.002899
1126		0.001181
1127		0.000133
Numero de Interacoes: 1128
RowTest: 4 => [85.000835] =? 85.000000
tempo de execucao: 0.860286
X[0] = -0.030329
X[1] = 0.098185
X[2] = -0.058442
X[3] = 0.094169
X[4] = 0.238747
X[5] = 0.162441
X[6] = 0.206618
X[7] = 0.166457
X[8] = 0.009831
X[9] = 0.114248
X[10] = 0.041959
X[11] = 0.266858
X[12] = -0.070491
X[13] = 0.214649
X[14] = 0.270874
X[15] = 0.017862
X[16] = 0.146376
X[17] = 0.294970
X[18] = -0.014267
X[19] = 0.098183
X[20] = 0.017861
X[21] = 0.294970
X[22] = 0.294969
X[23] = 0.118263
X[24] = 0.134327
X[25] = 0.094166
X[26] = -0.010252
X[27] = -0.002220
X[28] = -0.094589
X[29] = 0.198583
X[30] = 0.013844
X[31] = 0.186535
X[32] = 0.206615
X[33] = 0.266856
X[34] = -0.014269
X[35] = -0.046397
X[36] = 0.130310
X[37] = 0.102197
X[38] = 0.029908
X[39] = 0.049988
X[40] = -0.082542
X[41] = 0.178502
X[42] = 0.017859
X[43] = 0.162437
X[44] = -0.098607
X[45] = 0.198582
X[46] = 0.090148
X[47] = 0.150389
X[48] = 0.194566
X[49] = 0.178501
X[50] = 0.162437
X[51] = 0.126292
X[52] = -0.018286
X[53] = -0.034350
X[54] = 0.154405
X[55] = 0.218662
X[56] = 0.162437
X[57] = 0.246774
X[58] = -0.082543
X[59] = -0.022303
X[60] = -0.042383
X[61] = 0.246774
X[62] = 0.270870
X[63] = 0.266854
X[64] = 0.214645
X[65] = 0.166452
X[66] = 0.134323
X[67] = 0.258821
X[68] = -0.030335
X[69] = 0.266853
X[70] = 0.218660
X[71] = 0.202596
X[72] = 0.146371
X[73] = 0.150387
X[74] = 0.274885
X[75] = -0.042384
X[76] = 0.258821
X[77] = 0.066050
X[78] = 0.021873
X[79] = 0.158419
X[80] = 0.154403
X[81] = 0.286933
X[82] = 0.194563
X[83] = 0.238740
X[84] = -0.046400
X[85] = 0.049985
X[86] = -0.034352
X[87] = 0.025889
X[88] = -0.002224
X[89] = 0.198579
X[90] = 0.106210
X[91] = 0.266852
X[92] = 0.146370
X[93] = 0.286933
X[94] = 0.045969
X[95] = 0.270868
X[96] = 0.154402
X[97] = 0.282916
X[98] = 0.037937
X[99] = 0.037937
X[100] = 0.250788
X[101] = -0.038369
X[102] = -0.058449
X[103] = -0.090578
X[104] = 0.021872
X[105] = 0.126290
X[106] = -0.030337
X[107] = -0.018288
X[108] = 0.294965
X[109] = 0.094161
X[110] = 0.049985
X[111] = -0.042385
X[112] = 0.082113
X[113] = -0.054433
X[114] = -0.054433
X[115] = 0.098177
X[116] = 0.174483
X[117] = 0.074081
X[118] = 0.009824
X[119] = 0.074081
X[120] = 0.286932
X[121] = -0.022305
X[122] = 0.130306
X[123] = 0.082113
X[124] = 0.126290
X[125] = 0.106209
X[126] = -0.058449
X[127] = -0.082546
X[128] = 0.054001
X[129] = 0.082113
X[130] = 0.274884
X[131] = -0.074514
X[132] = -0.066481
X[133] = 0.286932
X[134] = 0.049984
X[135] = 0.162434
X[136] = 0.166450
X[137] = 0.138338
X[138] = -0.034353
X[139] = 0.174483
X[140] = 0.290948
X[141] = 0.025888
X[142] = 0.166450
X[143] = -0.058449
X[144] = 0.025888
X[145] = 0.218659
X[146] = -0.050417
X[147] = 0.110226
X[148] = -0.006240
X[149] = 0.062033
X[150] = 0.290949
X[151] = 0.190547
X[152] = 0.146370
X[153] = -0.070497
X[154] = -0.022304
X[155] = 0.182515
X[156] = -0.054433
X[157] = 0.230708
X[158] = 0.206612
X[159] = 0.106210
X[160] = 0.013841
X[161] = -0.010256
X[162] = 0.134323
X[163] = 0.049985
X[164] = -0.022304
X[165] = 0.290949
X[166] = 0.122275
X[167] = 0.054001
X[168] = -0.062464
X[169] = 0.190548
X[170] = -0.070496
X[171] = 0.138339
X[172] = -0.082545
X[173] = 0.202596
X[174] = 0.182516
X[175] = 0.254805
X[176] = 0.122275
X[177] = 0.045970
X[178] = 0.066050
X[179] = 0.025890
X[180] = 0.210629
X[181] = 0.266853
X[182] = -0.078528
X[183] = 0.058018
X[184] = -0.098608
X[185] = 0.001793
X[186] = 0.154404
X[187] = -0.050415
X[188] = 0.142356
X[189] = 0.270870
X[190] = -0.034351
X[191] = 0.258822
X[192] = -0.038367
X[193] = 0.206613
X[194] = 0.218661
X[195] = 0.250790
X[196] = 0.005810
X[197] = 0.041955
X[198] = 0.005810
X[199] = 0.045971
X[200] = -0.066479
X[201] = 0.041955
X[202] = 0.094164
X[203] = 0.162437
X[204] = 0.154405
X[205] = 0.190549
X[206] = 0.118260
X[207] = 0.186533
X[208] = -0.062463
X[209] = 0.094164
X[210] = -0.086559
X[211] = 0.250791
X[212] = 0.066052
X[213] = -0.062462
X[214] = 0.222678
X[215] = 0.278903
X[216] = 0.250791
X[217] = 0.078100
X[218] = -0.070494
X[219] = 0.094164
X[220] = 0.258823
X[221] = 0.001795
X[222] = 0.262839
X[223] = -0.078526
X[224] = 0.118261
X[225] = -0.010253
X[226] = 0.274887
X[227] = 0.033924
X[228] = 0.134325
X[229] = -0.018285
X[230] = 0.182518
X[231] = -0.022301
X[232] = -0.066478
X[233] = 0.186534
X[234] = 0.049988
X[235] = -0.002221
X[236] = 0.078101
X[237] = 0.270872
X[238] = 0.286936
X[239] = 0.118261
X[240] = 0.278904
X[241] = -0.094590
X[242] = 0.282920
X[243] = 0.045972
X[244] = 0.154406
X[245] = 0.206615
X[246] = 0.025892
X[247] = -0.082542
X[248] = 0.194567
X[249] = 0.266856
