tempo de leitura: 0.009461
Iteracao	Erro < 0.001000
0		1.020000
1		0.511140
2		1.011968
3		0.508086
4		1.007952
5		0.505052
6		1.003936
7		0.502030
8		0.999920
9		0.499020
10		0.988165
11		0.496022
12		0.976432
13		0.493036
14		0.964882
15		0.490062
16		0.953513
17		0.487100
18		0.942321
19		0.484151
20		0.931301
21		0.481214
22		0.920450
23		0.478289
24		0.909765
25		0.475376
26		0.899242
27		0.472475
28		0.888878
29		0.469587
30		0.878670
31		0.466711
32		0.868614
33		0.463847
34		0.858707
35		0.460996
36		0.848947
37		0.458156
38		0.839330
39		0.455330
40		0.829854
41		0.452515
42		0.820516
43		0.449713
44		0.811313
45		0.446923
46		0.802242
47		0.444146
48		0.793302
49		0.441381
50		0.784488
51		0.438628
52		0.775800
53		0.435888
54		0.767235
55		0.433160
56		0.758790
57		0.430444
58		0.750463
59		0.427741
60		0.742252
61		0.425051
62		0.734155
63		0.422372
64		0.726170
65		0.419706
66		0.718294
67		0.417053
68		0.710526
69		0.414411
70		0.702863
71		0.411783
72		0.695305
73		0.409166
74		0.687848
75		0.406562
76		0.680491
77		0.403971
78		0.673233
79		0.401391
80		0.666072
81		0.398824
82		0.659005
83		0.396270
84		0.652031
85		0.393728
86		0.645150
87		0.391198
88		0.638358
89		0.388680
90		0.631655
91		0.386175
92		0.625039
93		0.383682
94		0.618508
95		0.381201
96		0.612062
97		0.378733
98		0.605698
99		0.376277
100		0.599416
101		0.373833
102		0.593214
103		0.371402
104		0.587090
105		0.368982
106		0.581044
107		0.366575
108		0.575073
109		0.364180
110		0.569178
111		0.361798
112		0.563356
113		0.359427
114		0.557607
115		0.357069
116		0.551929
117		0.354723
118		0.546321
119		0.352388
120		0.540782
121		0.350066
122		0.535311
123		0.347757
124		0.529907
125		0.345459
126		0.524569
127		0.343173
128		0.519295
129		0.340899
130		0.514086
131		0.338637
132		0.508939
133		0.336387
134		0.503854
135		0.334149
136		0.498830
137		0.331923
138		0.493866
139		0.329709
140		0.488961
141		0.327507
142		0.484114
143		0.325317
144		0.479324
145		0.323138
146		0.474591
147		0.320972
148		0.469913
149		0.318817
150		0.465290
151		0.316673
152		0.460721
153		0.314542
154		0.456206
155		0.312422
156		0.451742
157		0.310314
158		0.447330
159		0.308218
160		0.442970
161		0.306133
162		0.438659
163		0.304059
164		0.434397
165		0.301998
166		0.430185
167		0.299947
168		0.426020
169		0.297908
170		0.421902
171		0.295881
172		0.417832
173		0.293865
174		0.413807
175		0.291861
176		0.409827
177		0.289868
178		0.405893
179		0.287886
180		0.402002
181		0.285915
182		0.398155
183		0.283956
184		0.394350
185		0.282008
186		0.390588
187		0.280071
188		0.386868
189		0.278145
190		0.383188
191		0.276231
192		0.379549
193		0.274327
194		0.375951
195		0.272435
196		0.372391
197		0.270553
198		0.368871
199		0.268683
200		0.365389
201		0.266823
202		0.361945
203		0.264974
204		0.358538
205		0.263137
206		0.355168
207		0.261310
208		0.351834
209		0.259494
210		0.348537
211		0.257688
212		0.345275
213		0.255893
214		0.342048
215		0.254110
216		0.338855
217		0.252336
218		0.335696
219		0.250573
220		0.332571
221		0.248821
222		0.329479
223		0.247080
224		0.326420
225		0.245348
226		0.323394
227		0.243628
228		0.320399
229		0.241917
230		0.317436
231		0.240217
232		0.314504
233		0.238528
234		0.311602
235		0.236848
236		0.308731
237		0.235179
238		0.305890
239		0.233520
240		0.303078
241		0.231872
242		0.300296
243		0.230233
244		0.297542
245		0.228605
246		0.294817
247		0.226986
248		0.292120
249		0.225378
250		0.289451
251		0.223779
252		0.286810
253		0.222191
254		0.284195
255		0.220612
256		0.281607
257		0.219043
258		0.279046
259		0.217484
260		0.276510
261		0.215935
262		0.274001
263		0.214395
264		0.271517
265		0.212865
266		0.269058
267		0.211345
268		0.266624
269		0.209834
270		0.264215
271		0.208333
272		0.261830
273		0.206842
274		0.259468
275		0.205359
276		0.257131
277		0.203887
278		0.254817
279		0.202423
280		0.252526
281		0.200969
282		0.250258
283		0.199524
284		0.248013
285		0.198089
286		0.245790
287		0.196662
288		0.243589
289		0.195245
290		0.241410
291		0.193837
292		0.239252
293		0.192438
294		0.237116
295		0.191048
296		0.235001
297		0.189667
298		0.232907
299		0.188295
300		0.230833
301		0.186932
302		0.228780
303		0.185578
304		0.226746
305		0.184232
306		0.224733
307		0.182896
308		0.222739
309		0.181568
310		0.220765
311		0.180249
312		0.218810
313		0.178938
314		0.216874
315		0.177636
316		0.214957
317		0.176343
318		0.213058
319		0.175058
320		0.211178
321		0.173781
322		0.209316
323		0.172513
324		0.207471
325		0.171254
326		0.205645
327		0.170002
328		0.203836
329		0.168759
330		0.202045
331		0.167524
332		0.200270
333		0.166298
334		0.198513
335		0.165080
336		0.196772
337		0.163869
338		0.195049
339		0.162667
340		0.193341
341		0.161473
342		0.191650
343		0.160287
344		0.189975
345		0.159109
346		0.188315
347		0.157939
348		0.186672
349		0.156776
350		0.185044
351		0.155622
352		0.183431
353		0.154475
354		0.181834
355		0.153336
356		0.180251
357		0.152205
358		0.178684
359		0.151081
360		0.177131
361		0.149965
362		0.175593
363		0.148857
364		0.174069
365		0.147756
366		0.172560
367		0.146663
368		0.171065
369		0.145577
370		0.169583
371		0.144498
372		0.168116
373		0.143427
374		0.166662
375		0.142364
376		0.165222
377		0.141307
378		0.163795
379		0.140258
380		0.162381
381		0.139216
382		0.160980
383		0.138181
384		0.159593
385		0.137153
386		0.158218
387		0.136133
388		0.156856
389		0.135119
390		0.155506
391		0.134112
392		0.154169
393		0.133113
394		0.152844
395		0.132120
396		0.151532
397		0.131134
398		0.150231
399		0.130155
400		0.148943
401		0.129183
402		0.147666
403		0.128218
404		0.146401
405		0.127259
406		0.145147
407		0.126307
408		0.143905
409		0.125362
410		0.142675
411		0.124423
412		0.141455
413		0.123491
414		0.140247
415		0.122565
416		0.139049
417		0.121646
418		0.137863
419		0.120733
420		0.136687
421		0.119827
422		0.135522
423		0.118927
424		0.134367
425		0.118033
426		0.133223
427		0.117146
428		0.132089
429		0.116265
430		0.130966
431		0.115390
432		0.129852
433		0.114522
434		0.128749
435		0.113659
436		0.127656
437		0.112803
438		0.126572
439		0.111952
440		0.125498
441		0.111108
442		0.124434
443		0.110270
444		0.123379
445		0.109438
446		0.122334
447		0.108611
448		0.121298
449		0.107791
450		0.120272
451		0.106976
452		0.119254
453		0.106167
454		0.118246
455		0.105364
456		0.117247
457		0.104567
458		0.116256
459		0.103775
460		0.115275
461		0.102989
462		0.114302
463		0.102209
464		0.113338
465		0.101434
466		0.112382
467		0.100665
468		0.111435
469		0.099901
470		0.110496
471		0.099143
472		0.109566
473		0.098390
474		0.108644
475		0.097643
476		0.107730
477		0.096901
478		0.106824
479		0.096165
480		0.105926
481		0.095434
482		0.105036
483		0.094708
484		0.104153
485		0.093987
486		0.103279
487		0.093271
488		0.102412
489		0.092561
490		0.101553
491		0.091856
492		0.100702
493		0.091156
494		0.099858
495		0.090461
496		0.099021
497		0.089771
498		0.098192
499		0.089086
500		0.097370
501		0.088406
502		0.096555
503		0.087731
504		0.095747
505		0.087061
506		0.094946
507		0.086396
508		0.094153
509		0.085736
510		0.093366
511		0.085081
512		0.092586
513		0.084430
514		0.091813
515		0.083784
516		0.091047
517		0.083143
518		0.090287
519		0.082506
520		0.089534
521		0.081875
522		0.088787
523		0.081247
524		0.088047
525		0.080625
526		0.087314
527		0.080007
528		0.086587
529		0.079393
530		0.085866
531		0.078784
532		0.085151
533		0.078180
534		0.084442
535		0.077580
536		0.083740
537		0.076984
538		0.083044
539		0.076393
540		0.082354
541		0.075806
542		0.081669
543		0.075224
544		0.080991
545		0.074645
546		0.080318
547		0.074072
548		0.079652
549		0.073502
550		0.078991
551		0.072936
552		0.078335
553		0.072375
554		0.077686
555		0.071818
556		0.077041
557		0.071265
558		0.076403
559		0.070716
560		0.075770
561		0.070171
562		0.075142
563		0.069630
564		0.074520
565		0.069094
566		0.073903
567		0.068561
568		0.073291
569		0.068032
570		0.072685
571		0.067507
572		0.072084
573		0.066986
574		0.071488
575		0.066469
576		0.070897
577		0.065956
578		0.070311
579		0.065447
580		0.069730
581		0.064941
582		0.069154
583		0.064439
584		0.068583
585		0.063941
586		0.068017
587		0.063447
588		0.067456
589		0.062956
590		0.066899
591		0.062469
592		0.066347
593		0.061986
594		0.065800
595		0.061506
596		0.065258
597		0.061030
598		0.064720
599		0.060557
600		0.064187
601		0.060088
602		0.063658
603		0.059623
604		0.063134
605		0.059161
606		0.062614
607		0.058702
608		0.062098
609		0.058247
610		0.061587
611		0.057796
612		0.061081
613		0.057348
614		0.060578
615		0.056903
616		0.060080
617		0.056461
618		0.059586
619		0.056023
620		0.059096
621		0.055588
622		0.058611
623		0.055156
624		0.058129
625		0.054728
626		0.057652
627		0.054303
628		0.057178
629		0.053881
630		0.056709
631		0.053462
632		0.056243
633		0.053047
634		0.055782
635		0.052634
636		0.055324
637		0.052225
638		0.054870
639		0.051819
640		0.054420
641		0.051416
642		0.053974
643		0.051016
644		0.053532
645		0.050619
646		0.053093
647		0.050225
648		0.052658
649		0.049834
650		0.052227
651		0.049446
652		0.051799
653		0.049061
654		0.051375
655		0.048678
656		0.050954
657		0.048299
658		0.050537
659		0.047923
660		0.050124
661		0.047549
662		0.049713
663		0.047179
664		0.049307
665		0.046811
666		0.048903
667		0.046446
668		0.048504
669		0.046083
670		0.048107
671		0.045724
672		0.047714
673		0.045367
674		0.047324
675		0.045013
676		0.046937
677		0.044662
678		0.046554
679		0.044313
680		0.046173
681		0.043967
682		0.045796
683		0.043623
684		0.045422
685		0.043283
686		0.045052
687		0.042944
688		0.044684
689		0.042609
690		0.044319
691		0.042276
692		0.043958
693		0.041945
694		0.043599
695		0.041617
696		0.043243
697		0.041292
698		0.042891
699		0.040969
700		0.042541
701		0.040649
702		0.042194
703		0.040331
704		0.041850
705		0.040015
706		0.041509
707		0.039702
708		0.041171
709		0.039391
710		0.040836
711		0.039083
712		0.040503
713		0.038777
714		0.040173
715		0.038473
716		0.039846
717		0.038172
718		0.039522
719		0.037873
720		0.039200
721		0.037576
722		0.038881
723		0.037282
724		0.038565
725		0.036990
726		0.038251
727		0.036700
728		0.037940
729		0.036412
730		0.037631
731		0.036126
732		0.037325
733		0.035843
734		0.037021
735		0.035562
736		0.036720
737		0.035283
738		0.036422
739		0.035006
740		0.036126
741		0.034732
742		0.035832
743		0.034459
744		0.035541
745		0.034189
746		0.035252
747		0.033920
748		0.034966
749		0.033654
750		0.034682
751		0.033390
752		0.034400
753		0.033128
754		0.034121
755		0.032868
756		0.033844
757		0.032609
758		0.033569
759		0.032353
760		0.033297
761		0.032099
762		0.033027
763		0.031847
764		0.032759
765		0.031597
766		0.032493
767		0.031348
768		0.032229
769		0.031102
770		0.031968
771		0.030857
772		0.031709
773		0.030615
774		0.031451
775		0.030374
776		0.031196
777		0.030135
778		0.030943
779		0.029898
780		0.030693
781		0.029663
782		0.030444
783		0.029430
784		0.030197
785		0.029198
786		0.029952
787		0.028968
788		0.029710
789		0.028740
790		0.029469
791		0.028514
792		0.029230
793		0.028290
794		0.028994
795		0.028067
796		0.028759
797		0.027846
798		0.028526
799		0.027627
800		0.028295
801		0.027409
802		0.028066
803		0.027193
804		0.027839
805		0.026979
806		0.027613
807		0.026767
808		0.027390
809		0.026556
810		0.027168
811		0.026347
812		0.026948
813		0.026139
814		0.026730
815		0.025933
816		0.026514
817		0.025729
818		0.026300
819		0.025526
820		0.026087
821		0.025325
822		0.025876
823		0.025125
824		0.025667
825		0.024927
826		0.025459
827		0.024730
828		0.025253
829		0.024535
830		0.025049
831		0.024342
832		0.024847
833		0.024150
834		0.024646
835		0.023959
836		0.024447
837		0.023770
838		0.024249
839		0.023583
840		0.024053
841		0.023397
842		0.023859
843		0.023212
844		0.023666
845		0.023029
846		0.023475
847		0.022847
848		0.023286
849		0.022667
850		0.023097
851		0.022488
852		0.022911
853		0.022310
854		0.022726
855		0.022134
856		0.022542
857		0.021959
858		0.022360
859		0.021786
860		0.022180
861		0.021614
862		0.022001
863		0.021443
864		0.021823
865		0.021274
866		0.021647
867		0.021106
868		0.021473
869		0.020939
870		0.021299
871		0.020773
872		0.021127
873		0.020609
874		0.020957
875		0.020446
876		0.020788
877		0.020285
878		0.020620
879		0.020124
880		0.020454
881		0.019965
882		0.020289
883		0.019808
884		0.020125
885		0.019651
886		0.019963
887		0.019496
888		0.019802
889		0.019341
890		0.019642
891		0.019189
892		0.019484
893		0.019037
894		0.019327
895		0.018886
896		0.019171
897		0.018737
898		0.019017
899		0.018589
900		0.018864
901		0.018442
902		0.018712
903		0.018296
904		0.018561
905		0.018151
906		0.018411
907		0.018007
908		0.018263
909		0.017865
910		0.018116
911		0.017723
912		0.017970
913		0.017583
914		0.017825
915		0.017444
916		0.017681
917		0.017306
918		0.017539
919		0.017169
920		0.017398
921		0.017033
922		0.017258
923		0.016898
924		0.017119
925		0.016764
926		0.016981
927		0.016632
928		0.016844
929		0.016500
930		0.016709
931		0.016369
932		0.016574
933		0.016240
934		0.016441
935		0.016111
936		0.016308
937		0.015983
938		0.016177
939		0.015857
940		0.016047
941		0.015731
942		0.015918
943		0.015607
944		0.015790
945		0.015483
946		0.015663
947		0.015360
948		0.015537
949		0.015239
950		0.015412
951		0.015118
952		0.015288
953		0.014998
954		0.015165
955		0.014879
956		0.015043
957		0.014761
958		0.014922
959		0.014644
960		0.014802
961		0.014528
962		0.014683
963		0.014413
964		0.014565
965		0.014299
966		0.014447
967		0.014185
968		0.014331
969		0.014073
970		0.014216
971		0.013961
972		0.014102
973		0.013851
974		0.013988
975		0.013741
976		0.013876
977		0.013632
978		0.013764
979		0.013524
980		0.013654
981		0.013417
982		0.013544
983		0.013310
984		0.013435
985		0.013205
986		0.013327
987		0.013100
988		0.013220
989		0.012996
990		0.013114
991		0.012893
992		0.013008
993		0.012791
994		0.012904
995		0.012689
996		0.012800
997		0.012588
998		0.012697
999		0.012489
1000		0.012595
1001		0.012390
1002		0.012494
1003		0.012291
1004		0.012394
1005		0.012194
1006		0.012294
1007		0.012097
1008		0.012195
1009		0.012001
1010		0.012097
1011		0.011906
1012		0.012000
1013		0.011811
1014		0.011904
1015		0.011717
1016		0.011808
1017		0.011624
1018		0.011714
1019		0.011532
1020		0.011619
1021		0.011441
1022		0.011526
1023		0.011350
1024		0.011434
1025		0.011260
1026		0.011342
1027		0.011170
1028		0.011251
1029		0.011082
1030		0.011160
1031		0.010994
1032		0.011071
1033		0.010906
1034		0.010982
1035		0.010820
1036		0.010894
1037		0.010734
1038		0.010806
1039		0.010648
1040		0.010720
1041		0.010564
1042		0.010634
1043		0.010480
1044		0.010548
1045		0.010397
1046		0.010464
1047		0.010314
1048		0.010380
1049		0.010232
1050		0.010296
1051		0.010151
1052		0.010214
1053		0.010070
1054		0.010132
1055		0.009990
1056		0.010050
1057		0.009911
1058		0.009970
1059		0.009832
1060		0.009890
1061		0.009754
1062		0.009810
1063		0.009677
1064		0.009732
1065		0.009600
1066		0.009654
1067		0.009523
1068		0.009576
1069		0.009448
1070		0.009499
1071		0.009373
1072		0.009423
1073		0.009298
1074		0.009348
1075		0.009224
1076		0.009273
1077		0.009151
1078		0.009198
1079		0.009078
1080		0.009124
1081		0.009006
1082		0.009051
1083		0.008935
1084		0.008979
1085		0.008864
1086		0.008907
1087		0.008793
1088		0.008835
1089		0.008723
1090		0.008764
1091		0.008654
1092		0.008694
1093		0.008585
1094		0.008624
1095		0.008517
1096		0.008555
1097		0.008449
1098		0.008487
1099		0.008382
1100		0.008419
1101		0.008315
1102		0.008351
1103		0.008249
1104		0.008284
1105		0.008184
1106		0.008218
1107		0.008118
1108		0.008152
1109		0.008054
1110		0.008087
1111		0.007990
1112		0.008022
1113		0.007926
1114		0.007957
1115		0.007863
1116		0.007894
1117		0.007801
1118		0.007830
1119		0.007739
1120		0.007768
1121		0.007677
1122		0.007705
1123		0.007616
1124		0.007644
1125		0.007556
1126		0.007582
1127		0.007495
1128		0.007522
1129		0.007436
1130		0.007461
1131		0.007377
1132		0.007402
1133		0.007318
1134		0.007342
1135		0.007260
1136		0.007283
1137		0.007202
1138		0.007225
1139		0.007145
1140		0.007167
1141		0.007088
1142		0.007110
1143		0.007031
1144		0.007053
1145		0.006976
1146		0.006996
1147		0.006920
1148		0.006940
1149		0.006865
1150		0.006885
1151		0.006810
1152		0.006829
1153		0.006756
1154		0.006775
1155		0.006702
1156		0.006720
1157		0.006649
1158		0.006667
1159		0.006596
1160		0.006613
1161		0.006544
1162		0.006560
1163		0.006492
1164		0.006508
1165		0.006440
1166		0.006456
1167		0.006389
1168		0.006404
1169		0.006338
1170		0.006353
1171		0.006287
1172		0.006302
1173		0.006237
1174		0.006251
1175		0.006188
1176		0.006201
1177		0.006138
1178		0.006152
1179		0.006090
1180		0.006102
1181		0.006041
1182		0.006053
1183		0.005993
1184		0.006005
1185		0.005945
1186		0.005957
1187		0.005898
1188		0.005909
1189		0.005851
1190		0.005862
1191		0.005804
1192		0.005815
1193		0.005758
1194		0.005768
1195		0.005712
1196		0.005722
1197		0.005667
1198		0.005676
1199		0.005622
1200		0.005631
1201		0.005577
1202		0.005586
1203		0.005533
1204		0.005541
1205		0.005489
1206		0.005497
1207		0.005445
1208		0.005453
1209		0.005402
1210		0.005409
1211		0.005359
1212		0.005366
1213		0.005316
1214		0.005323
1215		0.005274
1216		0.005280
1217		0.005232
1218		0.005238
1219		0.005190
1220		0.005196
1221		0.005149
1222		0.005154
1223		0.005108
1224		0.005113
1225		0.005067
1226		0.005072
1227		0.005027
1228		0.005032
1229		0.004986
1230		0.004991
1231		0.004947
1232		0.004951
1233		0.004907
1234		0.004912
1235		0.004868
1236		0.004872
1237		0.004830
1238		0.004833
1239		0.004791
1240		0.004795
1241		0.004753
1242		0.004756
1243		0.004715
1244		0.004718
1245		0.004677
1246		0.004681
1247		0.004640
1248		0.004643
1249		0.004603
1250		0.004606
1251		0.004567
1252		0.004569
1253		0.004530
1254		0.004533
1255		0.004494
1256		0.004496
1257		0.004458
1258		0.004460
1259		0.004423
1260		0.004425
1261		0.004388
1262		0.004389
1263		0.004353
1264		0.004354
1265		0.004318
1266		0.004319
1267		0.004284
1268		0.004285
1269		0.004249
1270		0.004250
1271		0.004216
1272		0.004216
1273		0.004182
1274		0.004183
1275		0.004149
1276		0.004149
1277		0.004116
1278		0.004116
1279		0.004083
1280		0.004083
1281		0.004050
1282		0.004050
1283		0.004018
1284		0.004018
1285		0.003986
1286		0.003986
1287		0.003954
1288		0.003954
1289		0.003923
1290		0.003922
1291		0.003891
1292		0.003891
1293		0.003860
1294		0.003860
1295		0.003830
1296		0.003829
1297		0.003799
1298		0.003798
1299		0.003769
1300		0.003768
1301		0.003739
1302		0.003738
1303		0.003709
1304		0.003708
1305		0.003679
1306		0.003678
1307		0.003650
1308		0.003649
1309		0.003621
1310		0.003620
1311		0.003592
1312		0.003591
1313		0.003564
1314		0.003562
1315		0.003535
1316		0.003533
1317		0.003507
1318		0.003505
1319		0.003479
1320		0.003477
1321		0.003451
1322		0.003449
1323		0.003424
1324		0.003422
1325		0.003397
1326		0.003394
1327		0.003369
1328		0.003367
1329		0.003343
1330		0.003340
1331		0.003316
1332		0.003314
1333		0.003290
1334		0.003287
1335		0.003263
1336		0.003261
1337		0.003237
1338		0.003235
1339		0.003211
1340		0.003209
1341		0.003186
1342		0.003183
1343		0.003160
1344		0.003158
1345		0.003135
1346		0.003133
1347		0.003110
1348		0.003107
1349		0.003086
1350		0.003083
1351		0.003061
1352		0.003058
1353		0.003037
1354		0.003034
1355		0.003012
1356		0.003009
1357		0.002988
1358		0.002985
1359		0.002964
1360		0.002961
1361		0.002941
1362		0.002938
1363		0.002917
1364		0.002914
1365		0.002894
1366		0.002891
1367		0.002871
1368		0.002868
1369		0.002848
1370		0.002845
1371		0.002825
1372		0.002822
1373		0.002803
1374		0.002800
1375		0.002781
1376		0.002777
1377		0.002758
1378		0.002755
1379		0.002736
1380		0.002733
1381		0.002715
1382		0.002711
1383		0.002693
1384		0.002689
1385		0.002671
1386		0.002668
1387		0.002650
1388		0.002647
1389		0.002629
1390		0.002625
1391		0.002608
1392		0.002604
1393		0.002587
1394		0.002584
1395		0.002567
1396		0.002563
1397		0.002546
1398		0.002542
1399		0.002526
1400		0.002522
1401		0.002506
1402		0.002502
1403		0.002486
1404		0.002482
1405		0.002466
1406		0.002462
1407		0.002446
1408		0.002442
1409		0.002427
1410		0.002423
1411		0.002407
1412		0.002404
1413		0.002388
1414		0.002384
1415		0.002369
1416		0.002365
1417		0.002350
1418		0.002346
1419		0.002332
1420		0.002328
1421		0.002313
1422		0.002309
1423		0.002295
1424		0.002291
1425		0.002276
1426		0.002272
1427		0.002258
1428		0.002254
1429		0.002240
1430		0.002236
1431		0.002222
1432		0.002218
1433		0.002204
1434		0.002200
1435		0.002187
1436		0.002183
1437		0.002169
1438		0.002165
1439		0.002152
1440		0.002148
1441		0.002135
1442		0.002131
1443		0.002118
1444		0.002114
1445		0.002101
1446		0.002097
1447		0.002084
1448		0.002080
1449		0.002068
1450		0.002064
1451		0.002051
1452		0.002047
1453		0.002035
1454		0.002031
1455		0.002019
1456		0.002015
1457		0.002002
1458		0.001998
1459		0.001987
1460		0.001982
1461		0.001971
1462		0.001967
1463		0.001955
1464		0.001951
1465		0.001939
1466		0.001935
1467		0.001924
1468		0.001920
1469		0.001909
1470		0.001905
1471		0.001893
1472		0.001889
1473		0.001878
1474		0.001874
1475		0.001863
1476		0.001859
1477		0.001848
1478		0.001844
1479		0.001834
1480		0.001830
1481		0.001819
1482		0.001815
1483		0.001805
1484		0.001801
1485		0.001790
1486		0.001786
1487		0.001776
1488		0.001772
1489		0.001762
1490		0.001758
1491		0.001748
1492		0.001744
1493		0.001734
1494		0.001730
1495		0.001720
1496		0.001716
1497		0.001706
1498		0.001702
1499		0.001693
1500		0.001689
1501		0.001679
1502		0.001675
1503		0.001666
1504		0.001662
1505		0.001652
1506		0.001648
1507		0.001639
1508		0.001635
1509		0.001626
1510		0.001622
1511		0.001613
1512		0.001609
1513		0.001600
1514		0.001596
1515		0.001587
1516		0.001584
1517		0.001575
1518		0.001571
1519		0.001562
1520		0.001558
1521		0.001550
1522		0.001546
1523		0.001537
1524		0.001534
1525		0.001525
1526		0.001521
1527		0.001513
1528		0.001509
1529		0.001501
1530		0.001497
1531		0.001489
1532		0.001485
1533		0.001477
1534		0.001473
1535		0.001465
1536		0.001462
1537		0.001454
1538		0.001450
1539		0.001442
1540		0.001438
1541		0.001430
1542		0.001427
1543		0.001419
1544		0.001415
1545		0.001408
1546		0.001404
1547		0.001397
1548		0.001393
1549		0.001385
1550		0.001382
1551		0.001374
1552		0.001371
1553		0.001363
1554		0.001360
1555		0.001352
1556		0.001349
1557		0.001342
1558		0.001338
1559		0.001331
1560		0.001327
1561		0.001320
1562		0.001317
1563		0.001310
1564		0.001306
1565		0.001299
1566		0.001296
1567		0.001289
1568		0.001285
1569		0.001279
1570		0.001275
1571		0.001269
1572		0.001265
1573		0.001258
1574		0.001255
1575		0.001248
1576		0.001245
1577		0.001238
1578		0.001235
1579		0.001229
1580		0.001225
1581		0.001219
1582		0.001215
1583		0.001209
1584		0.001206
1585		0.001199
1586		0.001196
1587		0.001190
1588		0.001186
1589		0.001180
1590		0.001177
1591		0.001171
1592		0.001168
1593		0.001162
1594		0.001158
1595		0.001152
1596		0.001149
1597		0.001143
1598		0.001140
1599		0.001134
1600		0.001131
1601		0.001125
1602		0.001122
1603		0.001116
1604		0.001113
1605		0.001107
1606		0.001104
1607		0.001098
1608		0.001095
1609		0.001089
1610		0.001086
1611		0.001081
1612		0.001078
1613		0.001072
1614		0.001069
1615		0.001064
1616		0.001060
1617		0.001055
1618		0.001052
1619		0.001047
1620		0.001044
1621		0.001038
1622		0.001035
1623		0.001030
1624		0.001027
1625		0.001022
1626		0.001019
1627		0.001014
1628		0.001011
1629		0.001006
1630		0.001003
1631		0.000998
Numero de Interacoes: 1632
RowTest: 4 => [85.073300] =? 85.000000
tempo de leitura: 0.130357
X[0] = -0.030187
X[1] = 0.098327
X[2] = -0.058299
X[3] = 0.094311
X[4] = 0.238889
X[5] = 0.162584
X[6] = 0.206761
X[7] = 0.166600
X[8] = 0.009974
X[9] = 0.114391
X[10] = 0.042102
X[11] = 0.267002
X[12] = -0.070348
X[13] = 0.214793
X[14] = 0.271018
X[15] = 0.018006
X[16] = 0.146520
X[17] = 0.295114
X[18] = -0.014123
X[19] = 0.098327
X[20] = 0.018006
X[21] = 0.295114
X[22] = 0.295114
X[23] = 0.118408
X[24] = 0.134472
X[25] = 0.094311
X[26] = -0.010107
X[27] = -0.002074
X[28] = -0.094444
X[29] = 0.198729
X[30] = 0.013990
X[31] = 0.186681
X[32] = 0.206761
X[33] = 0.267002
X[34] = -0.014123
X[35] = -0.046251
X[36] = 0.130456
X[37] = 0.102343
X[38] = 0.030054
X[39] = 0.050134
X[40] = -0.082396
X[41] = 0.178648
X[42] = 0.018006
X[43] = 0.162584
X[44] = -0.098460
X[45] = 0.198729
X[46] = 0.090295
X[47] = 0.150536
X[48] = 0.194713
X[49] = 0.178648
X[50] = 0.162584
X[51] = 0.126440
X[52] = -0.018139
X[53] = -0.034203
X[54] = 0.154552
X[55] = 0.218809
X[56] = 0.162584
X[57] = 0.246922
X[58] = -0.082396
X[59] = -0.022155
X[60] = -0.042235
X[61] = 0.246922
X[62] = 0.271018
X[63] = 0.267002
X[64] = 0.214793
X[65] = 0.166600
X[66] = 0.134472
X[67] = 0.258970
X[68] = -0.030187
X[69] = 0.267002
X[70] = 0.218809
X[71] = 0.202745
X[72] = 0.146520
X[73] = 0.150536
X[74] = 0.275034
X[75] = -0.042235
X[76] = 0.258970
X[77] = 0.066199
X[78] = 0.022022
X[79] = 0.158568
X[80] = 0.154552
X[81] = 0.287082
X[82] = 0.194713
X[83] = 0.238889
X[84] = -0.046251
X[85] = 0.050134
X[86] = -0.034203
X[87] = 0.026038
X[88] = -0.002074
X[89] = 0.198729
X[90] = 0.106359
X[91] = 0.267002
X[92] = 0.146520
X[93] = 0.287082
X[94] = 0.046118
X[95] = 0.271018
X[96] = 0.154552
X[97] = 0.283066
X[98] = 0.038086
X[99] = 0.038086
X[100] = 0.250938
X[101] = -0.038219
X[102] = -0.058299
X[103] = -0.090428
X[104] = 0.022022
X[105] = 0.126440
X[106] = -0.030187
X[107] = -0.018139
X[108] = 0.295114
X[109] = 0.094311
X[110] = 0.050134
X[111] = -0.042235
X[112] = 0.082263
X[113] = -0.054283
X[114] = -0.054283
X[115] = 0.098327
X[116] = 0.174632
X[117] = 0.074231
X[118] = 0.009974
X[119] = 0.074231
X[120] = 0.287082
X[121] = -0.022155
X[122] = 0.130456
X[123] = 0.082263
X[124] = 0.126440
X[125] = 0.106359
X[126] = -0.058299
X[127] = -0.082396
X[128] = 0.054150
X[129] = 0.082263
X[130] = 0.275034
X[131] = -0.074364
X[132] = -0.066331
X[133] = 0.287082
X[134] = 0.050134
X[135] = 0.162584
X[136] = 0.166600
X[137] = 0.138488
X[138] = -0.034203
X[139] = 0.174632
X[140] = 0.291098
X[141] = 0.026038
X[142] = 0.166600
X[143] = -0.058299
X[144] = 0.026038
X[145] = 0.218809
X[146] = -0.050267
X[147] = 0.110375
X[148] = -0.006090
X[149] = 0.062183
X[150] = 0.291098
X[151] = 0.190697
X[152] = 0.146520
X[153] = -0.070348
X[154] = -0.022155
X[155] = 0.182665
X[156] = -0.054283
X[157] = 0.230857
X[158] = 0.206761
X[159] = 0.106359
X[160] = 0.013990
X[161] = -0.010107
X[162] = 0.134472
X[163] = 0.050134
X[164] = -0.022155
X[165] = 0.291098
X[166] = 0.122424
X[167] = 0.054150
X[168] = -0.062315
X[169] = 0.190697
X[170] = -0.070348
X[171] = 0.138488
X[172] = -0.082396
X[173] = 0.202745
X[174] = 0.182665
X[175] = 0.254954
X[176] = 0.122424
X[177] = 0.046118
X[178] = 0.066199
X[179] = 0.026038
X[180] = 0.210777
X[181] = 0.267002
X[182] = -0.078380
X[183] = 0.058167
X[184] = -0.098460
X[185] = 0.001942
X[186] = 0.154552
X[187] = -0.050267
X[188] = 0.142504
X[189] = 0.271018
X[190] = -0.034203
X[191] = 0.258970
X[192] = -0.038219
X[193] = 0.206761
X[194] = 0.218809
X[195] = 0.250938
X[196] = 0.005958
X[197] = 0.042102
X[198] = 0.005958
X[199] = 0.046118
X[200] = -0.066331
X[201] = 0.042102
X[202] = 0.094311
X[203] = 0.162584
X[204] = 0.154552
X[205] = 0.190697
X[206] = 0.118408
X[207] = 0.186681
X[208] = -0.062315
X[209] = 0.094311
X[210] = -0.086412
X[211] = 0.250938
X[212] = 0.066199
X[213] = -0.062315
X[214] = 0.222825
X[215] = 0.279050
X[216] = 0.250938
X[217] = 0.078247
X[218] = -0.070348
X[219] = 0.094311
X[220] = 0.258970
X[221] = 0.001942
X[222] = 0.262986
X[223] = -0.078380
X[224] = 0.118408
X[225] = -0.010107
X[226] = 0.275034
X[227] = 0.034070
X[228] = 0.134472
X[229] = -0.018139
X[230] = 0.182665
X[231] = -0.022155
X[232] = -0.066331
X[233] = 0.186681
X[234] = 0.050134
X[235] = -0.002074
X[236] = 0.078247
X[237] = 0.271018
X[238] = 0.287082
X[239] = 0.118408
X[240] = 0.279050
X[241] = -0.094444
X[242] = 0.283066
X[243] = 0.046118
X[244] = 0.154552
X[245] = 0.206761
X[246] = 0.026038
X[247] = -0.082396
X[248] = 0.194713
X[249] = 0.267002
