tempo de leitura: 0.034777
Iteracao	Erro < 0.001000
0		0.992288
1		0.497075
2		0.984436
3		0.495578
4		0.978579
5		0.494086
6		0.972769
7		0.492598
8		0.967004
9		0.491112
10		0.961284
11		0.489630
12		0.955610
13		0.488150
14		0.949979
15		0.486674
16		0.944392
17		0.485200
18		0.938849
19		0.483730
20		0.933348
21		0.482263
22		0.927890
23		0.480798
24		0.922473
25		0.479337
26		0.917098
27		0.477879
28		0.911765
29		0.476424
30		0.906472
31		0.474972
32		0.901219
33		0.473522
34		0.896006
35		0.472076
36		0.890832
37		0.470634
38		0.885698
39		0.469194
40		0.880601
41		0.467757
42		0.875544
43		0.466323
44		0.870524
45		0.464892
46		0.865541
47		0.463465
48		0.860596
49		0.462040
50		0.855687
51		0.460619
52		0.850814
53		0.459200
54		0.845978
55		0.457785
56		0.841177
57		0.456372
58		0.836411
59		0.454963
60		0.831681
61		0.453557
62		0.826984
63		0.452154
64		0.822322
65		0.450754
66		0.817694
67		0.449357
68		0.813100
69		0.447963
70		0.808538
71		0.446572
72		0.804010
73		0.445185
74		0.799514
75		0.443800
76		0.795050
77		0.442419
78		0.790619
79		0.441040
80		0.786219
81		0.439665
82		0.781850
83		0.438293
84		0.777512
85		0.436923
86		0.773205
87		0.435557
88		0.768929
89		0.434194
90		0.764683
91		0.432834
92		0.760466
93		0.431478
94		0.756280
95		0.430124
96		0.752122
97		0.428773
98		0.747994
99		0.427426
100		0.743894
101		0.426081
102		0.739823
103		0.424740
104		0.735780
105		0.423401
106		0.731765
107		0.422066
108		0.727778
109		0.420734
110		0.723818
111		0.419405
112		0.719886
113		0.418079
114		0.715981
115		0.416756
116		0.712102
117		0.415436
118		0.708250
119		0.414120
120		0.704424
121		0.412806
122		0.700624
123		0.411496
124		0.696849
125		0.410188
126		0.693101
127		0.408884
128		0.689378
129		0.407582
130		0.685679
131		0.406284
132		0.682006
133		0.404989
134		0.678357
135		0.403697
136		0.674733
137		0.402408
138		0.671133
139		0.401122
140		0.667557
141		0.399840
142		0.664004
143		0.398560
144		0.660476
145		0.397283
146		0.656970
147		0.396010
148		0.653488
149		0.394739
150		0.650029
151		0.393472
152		0.646592
153		0.392208
154		0.643179
155		0.390947
156		0.639787
157		0.389688
158		0.636418
159		0.388433
160		0.633070
161		0.387181
162		0.629745
163		0.385933
164		0.626441
165		0.384687
166		0.623159
167		0.383444
168		0.619897
169		0.382204
170		0.616657
171		0.380967
172		0.613438
173		0.379734
174		0.610240
175		0.378503
176		0.607062
177		0.377276
178		0.603904
179		0.376051
180		0.600767
181		0.374830
182		0.597649
183		0.373612
184		0.594552
185		0.372397
186		0.591474
187		0.371184
188		0.588416
189		0.369975
190		0.585377
191		0.368769
192		0.582358
193		0.367566
194		0.579357
195		0.366366
196		0.576375
197		0.365169
198		0.573413
199		0.363975
200		0.570468
201		0.362784
202		0.567542
203		0.361596
204		0.564635
205		0.360412
206		0.561746
207		0.359230
208		0.558874
209		0.358051
210		0.556021
211		0.356875
212		0.553185
213		0.355703
214		0.550367
215		0.354533
216		0.547566
217		0.353366
218		0.544782
219		0.352203
220		0.542016
221		0.351042
222		0.539267
223		0.349885
224		0.536534
225		0.348730
226		0.533819
227		0.347578
228		0.531120
229		0.346430
230		0.528437
231		0.345284
232		0.525771
233		0.344142
234		0.523121
235		0.343002
236		0.520487
237		0.341865
238		0.517869
239		0.340732
240		0.515267
241		0.339601
242		0.512681
243		0.338474
244		0.510110
245		0.337349
246		0.507555
247		0.336227
248		0.505015
249		0.335109
250		0.502491
251		0.333993
252		0.499981
253		0.332880
254		0.497487
255		0.331771
256		0.495007
257		0.330664
258		0.492543
259		0.329560
260		0.490093
261		0.328459
262		0.487657
263		0.327361
264		0.485236
265		0.326266
266		0.482830
267		0.325174
268		0.480437
269		0.324085
270		0.478059
271		0.322999
272		0.475695
273		0.321916
274		0.473344
275		0.320836
276		0.471008
277		0.319758
278		0.468685
279		0.318684
280		0.466376
281		0.317613
282		0.464080
283		0.316544
284		0.461798
285		0.315478
286		0.459529
287		0.314416
288		0.457273
289		0.313356
290		0.455031
291		0.312299
292		0.452801
293		0.311245
294		0.450585
295		0.310194
296		0.448381
297		0.309146
298		0.446190
299		0.308101
300		0.444011
301		0.307059
302		0.441846
303		0.306019
304		0.439692
305		0.304983
306		0.437551
307		0.303949
308		0.435422
309		0.302918
310		0.433306
311		0.301890
312		0.431201
313		0.300865
314		0.429109
315		0.299843
316		0.427029
317		0.298824
318		0.424960
319		0.297807
320		0.422903
321		0.296793
322		0.420858
323		0.295783
324		0.418824
325		0.294775
326		0.416802
327		0.293770
328		0.414792
329		0.292767
330		0.412792
331		0.291768
332		0.410804
333		0.290771
334		0.408828
335		0.289778
336		0.406862
337		0.288787
338		0.404907
339		0.287799
340		0.402964
341		0.286813
342		0.401031
343		0.285831
344		0.399109
345		0.284851
346		0.397198
347		0.283874
348		0.395297
349		0.282900
350		0.393407
351		0.281929
352		0.391527
353		0.280961
354		0.389658
355		0.279995
356		0.387800
357		0.279032
358		0.385951
359		0.278072
360		0.384113
361		0.277114
362		0.382285
363		0.276160
364		0.380467
365		0.275208
366		0.378659
367		0.274259
368		0.376861
369		0.273313
370		0.375073
371		0.272369
372		0.373295
373		0.271428
374		0.371527
375		0.270490
376		0.369768
377		0.269555
378		0.368018
379		0.268622
380		0.366279
381		0.267692
382		0.364549
383		0.266765
384		0.362828
385		0.265841
386		0.361117
387		0.264919
388		0.359414
389		0.264000
390		0.357722
391		0.263084
392		0.356038
393		0.262170
394		0.354363
395		0.261259
396		0.352698
397		0.260351
398		0.351041
399		0.259445
400		0.349394
401		0.258543
402		0.347755
403		0.257642
404		0.346125
405		0.256745
406		0.344504
407		0.255850
408		0.342892
409		0.254958
410		0.341288
411		0.254068
412		0.339693
413		0.253181
414		0.338106
415		0.252297
416		0.336528
417		0.251416
418		0.334958
419		0.250537
420		0.333397
421		0.249660
422		0.331844
423		0.248787
424		0.330299
425		0.247916
426		0.328762
427		0.247047
428		0.327234
429		0.246181
430		0.325713
431		0.245318
432		0.324201
433		0.244458
434		0.322697
435		0.243600
436		0.321200
437		0.242744
438		0.319712
439		0.241892
440		0.318231
441		0.241041
442		0.316758
443		0.240194
444		0.315293
445		0.239349
446		0.313836
447		0.238506
448		0.312386
449		0.237666
450		0.310944
451		0.236829
452		0.309509
453		0.235994
454		0.308082
455		0.235162
456		0.306662
457		0.234332
458		0.305250
459		0.233505
460		0.303845
461		0.232680
462		0.302448
463		0.231858
464		0.301057
465		0.231039
466		0.299674
467		0.230221
468		0.298298
469		0.229407
470		0.296930
471		0.228595
472		0.295568
473		0.227785
474		0.294213
475		0.226978
476		0.292865
477		0.226174
478		0.291525
479		0.225372
480		0.290191
481		0.224572
482		0.288864
483		0.223775
484		0.287544
485		0.222980
486		0.286231
487		0.222188
488		0.284924
489		0.221399
490		0.283624
491		0.220611
492		0.282331
493		0.219827
494		0.281045
495		0.219044
496		0.279765
497		0.218264
498		0.278491
499		0.217487
500		0.277224
501		0.216712
502		0.275964
503		0.215939
504		0.274710
505		0.215169
506		0.273462
507		0.214402
508		0.272221
509		0.213636
510		0.270985
511		0.212873
512		0.269757
513		0.212113
514		0.268534
515		0.211355
516		0.267318
517		0.210599
518		0.266108
519		0.209846
520		0.264904
521		0.209095
522		0.263706
523		0.208346
524		0.262514
525		0.207600
526		0.261328
527		0.206856
528		0.260148
529		0.206114
530		0.258974
531		0.205375
532		0.257806
533		0.204639
534		0.256643
535		0.203904
536		0.255487
537		0.203172
538		0.254336
539		0.202442
540		0.253191
541		0.201715
542		0.252052
543		0.200990
544		0.250919
545		0.200267
546		0.249791
547		0.199546
548		0.248669
549		0.198828
550		0.247552
551		0.198112
552		0.246441
553		0.197399
554		0.245336
555		0.196687
556		0.244236
557		0.195978
558		0.243141
559		0.195272
560		0.242052
561		0.194567
562		0.240969
563		0.193865
564		0.239890
565		0.193165
566		0.238818
567		0.192467
568		0.237750
569		0.191772
570		0.236688
571		0.191079
572		0.235630
573		0.190388
574		0.234578
575		0.189699
576		0.233532
577		0.189013
578		0.232490
579		0.188328
580		0.231454
581		0.187646
582		0.230422
583		0.186966
584		0.229396
585		0.186289
586		0.228375
587		0.185613
588		0.227359
589		0.184940
590		0.226347
591		0.184269
592		0.225341
593		0.183600
594		0.224340
595		0.182934
596		0.223343
597		0.182269
598		0.222352
599		0.181607
600		0.221365
601		0.180947
602		0.220383
603		0.180289
604		0.219406
605		0.179633
606		0.218433
607		0.178980
608		0.217466
609		0.178328
610		0.216503
611		0.177679
612		0.215545
613		0.177032
614		0.214591
615		0.176386
616		0.213642
617		0.175743
618		0.212697
619		0.175103
620		0.211758
621		0.174464
622		0.210822
623		0.173827
624		0.209892
625		0.173193
626		0.208965
627		0.172560
628		0.208043
629		0.171930
630		0.207126
631		0.171302
632		0.206213
633		0.170676
634		0.205305
635		0.170052
636		0.204400
637		0.169429
638		0.203501
639		0.168810
640		0.202605
641		0.168192
642		0.201714
643		0.167576
644		0.200827
645		0.166962
646		0.199944
647		0.166350
648		0.199066
649		0.165741
650		0.198192
651		0.165133
652		0.197322
653		0.164527
654		0.196456
655		0.163924
656		0.195594
657		0.163322
658		0.194737
659		0.162722
660		0.193883
661		0.162125
662		0.193034
663		0.161529
664		0.192188
665		0.160936
666		0.191347
667		0.160344
668		0.190509
669		0.159755
670		0.189676
671		0.159167
672		0.188847
673		0.158581
674		0.188021
675		0.157998
676		0.187199
677		0.157416
678		0.186382
679		0.156836
680		0.185568
681		0.156258
682		0.184758
683		0.155682
684		0.183952
685		0.155109
686		0.183150
687		0.154537
688		0.182351
689		0.153967
690		0.181556
691		0.153398
692		0.180765
693		0.152832
694		0.179978
695		0.152268
696		0.179194
697		0.151706
698		0.178415
699		0.151145
700		0.177638
701		0.150587
702		0.176866
703		0.150030
704		0.176097
705		0.149475
706		0.175332
707		0.148922
708		0.174570
709		0.148371
710		0.173812
711		0.147822
712		0.173057
713		0.147275
714		0.172306
715		0.146730
716		0.171559
717		0.146186
718		0.170814
719		0.145644
720		0.170074
721		0.145105
722		0.169337
723		0.144567
724		0.168603
725		0.144031
726		0.167873
727		0.143496
728		0.167146
729		0.142964
730		0.166423
731		0.142433
732		0.165703
733		0.141904
734		0.164986
735		0.141377
736		0.164272
737		0.140852
738		0.163562
739		0.140329
740		0.162856
741		0.139807
742		0.162152
743		0.139287
744		0.161452
745		0.138769
746		0.160755
747		0.138253
748		0.160061
749		0.137739
750		0.159371
751		0.137226
752		0.158683
753		0.136715
754		0.157999
755		0.136206
756		0.157318
757		0.135699
758		0.156640
759		0.135193
760		0.155966
761		0.134689
762		0.155294
763		0.134187
764		0.154626
765		0.133686
766		0.153960
767		0.133188
768		0.153298
769		0.132691
770		0.152639
771		0.132196
772		0.151982
773		0.131702
774		0.151329
775		0.131210
776		0.150679
777		0.130720
778		0.150032
779		0.130232
780		0.149387
781		0.129745
782		0.148746
783		0.129260
784		0.148108
785		0.128777
786		0.147472
787		0.128295
788		0.146840
789		0.127815
790		0.146210
791		0.127337
792		0.145583
793		0.126860
794		0.144960
795		0.126386
796		0.144339
797		0.125912
798		0.143720
799		0.125441
800		0.143105
801		0.124971
802		0.142493
803		0.124502
804		0.141883
805		0.124036
806		0.141276
807		0.123571
808		0.140672
809		0.123107
810		0.140070
811		0.122645
812		0.139471
813		0.122185
814		0.138875
815		0.121727
816		0.138282
817		0.121270
818		0.137692
819		0.120814
820		0.137104
821		0.120361
822		0.136518
823		0.119908
824		0.135936
825		0.119458
826		0.135356
827		0.119009
828		0.134779
829		0.118561
830		0.134204
831		0.118116
832		0.133632
833		0.117671
834		0.133062
835		0.117229
836		0.132496
837		0.116788
838		0.131931
839		0.116348
840		0.131369
841		0.115910
842		0.130810
843		0.115474
844		0.130253
845		0.115039
846		0.129699
847		0.114605
848		0.129147
849		0.114173
850		0.128598
851		0.113743
852		0.128051
853		0.113314
854		0.127507
855		0.112887
856		0.126965
857		0.112461
858		0.126426
859		0.112037
860		0.125889
861		0.111614
862		0.125354
863		0.111193
864		0.124822
865		0.110773
866		0.124293
867		0.110355
868		0.123765
869		0.109938
870		0.123240
871		0.109523
872		0.122718
873		0.109109
874		0.122197
875		0.108697
876		0.121679
877		0.108286
878		0.121164
879		0.107877
880		0.120650
881		0.107469
882		0.120139
883		0.107062
884		0.119630
885		0.106657
886		0.119124
887		0.106254
888		0.118620
889		0.105852
890		0.118118
891		0.105451
892		0.117618
893		0.105052
894		0.117121
895		0.104654
896		0.116625
897		0.104257
898		0.116132
899		0.103862
900		0.115641
901		0.103469
902		0.115153
903		0.103077
904		0.114666
905		0.102686
906		0.114182
907		0.102296
908		0.113700
909		0.101908
910		0.113220
911		0.101522
912		0.112742
913		0.101137
914		0.112266
915		0.100753
916		0.111792
917		0.100370
918		0.111321
919		0.099989
920		0.110851
921		0.099610
922		0.110384
923		0.099231
924		0.109918
925		0.098854
926		0.109455
927		0.098479
928		0.108994
929		0.098105
930		0.108535
931		0.097732
932		0.108078
933		0.097360
934		0.107623
935		0.096990
936		0.107170
937		0.096621
938		0.106719
939		0.096254
940		0.106269
941		0.095887
942		0.105822
943		0.095522
944		0.105377
945		0.095159
946		0.104934
947		0.094797
948		0.104493
949		0.094436
950		0.104054
951		0.094076
952		0.103616
953		0.093718
954		0.103181
955		0.093361
956		0.102747
957		0.093005
958		0.102316
959		0.092651
960		0.101886
961		0.092297
962		0.101458
963		0.091946
964		0.101033
965		0.091595
966		0.100609
967		0.091246
968		0.100186
969		0.090898
970		0.099766
971		0.090551
972		0.099348
973		0.090205
974		0.098931
975		0.089861
976		0.098516
977		0.089518
978		0.098103
979		0.089176
980		0.097692
981		0.088836
982		0.097283
983		0.088496
984		0.096875
985		0.088158
986		0.096469
987		0.087821
988		0.096065
989		0.087486
990		0.095663
991		0.087151
992		0.095263
993		0.086818
994		0.094864
995		0.086486
996		0.094467
997		0.086156
998		0.094072
999		0.085826
1000		0.093678
1001		0.085498
1002		0.093287
1003		0.085171
1004		0.092897
1005		0.084845
1006		0.092508
1007		0.084520
1008		0.092121
1009		0.084196
1010		0.091736
1011		0.083874
1012		0.091353
1013		0.083553
1014		0.090972
1015		0.083233
1016		0.090592
1017		0.082914
1018		0.090213
1019		0.082596
1020		0.089837
1021		0.082280
1022		0.089462
1023		0.081965
1024		0.089088
1025		0.081650
1026		0.088716
1027		0.081337
1028		0.088346
1029		0.081026
1030		0.087978
1031		0.080715
1032		0.087611
1033		0.080405
1034		0.087245
1035		0.080097
1036		0.086882
1037		0.079789
1038		0.086519
1039		0.079483
1040		0.086159
1041		0.079178
1042		0.085800
1043		0.078874
1044		0.085442
1045		0.078572
1046		0.085086
1047		0.078270
1048		0.084732
1049		0.077969
1050		0.084379
1051		0.077670
1052		0.084028
1053		0.077371
1054		0.083678
1055		0.077074
1056		0.083330
1057		0.076778
1058		0.082983
1059		0.076483
1060		0.082638
1061		0.076189
1062		0.082294
1063		0.075896
1064		0.081952
1065		0.075604
1066		0.081611
1067		0.075313
1068		0.081271
1069		0.075024
1070		0.080933
1071		0.074735
1072		0.080597
1073		0.074448
1074		0.080262
1075		0.074161
1076		0.079928
1077		0.073876
1078		0.079596
1079		0.073591
1080		0.079266
1081		0.073308
1082		0.078937
1083		0.073026
1084		0.078609
1085		0.072745
1086		0.078282
1087		0.072464
1088		0.077957
1089		0.072185
1090		0.077634
1091		0.071907
1092		0.077311
1093		0.071630
1094		0.076991
1095		0.071354
1096		0.076671
1097		0.071079
1098		0.076353
1099		0.070805
1100		0.076036
1101		0.070532
1102		0.075721
1103		0.070260
1104		0.075407
1105		0.069989
1106		0.075095
1107		0.069719
1108		0.074783
1109		0.069450
1110		0.074473
1111		0.069182
1112		0.074165
1113		0.068915
1114		0.073857
1115		0.068650
1116		0.073551
1117		0.068385
1118		0.073247
1119		0.068121
1120		0.072943
1121		0.067858
1122		0.072641
1123		0.067596
1124		0.072341
1125		0.067335
1126		0.072041
1127		0.067075
1128		0.071743
1129		0.066815
1130		0.071446
1131		0.066557
1132		0.071150
1133		0.066300
1134		0.070856
1135		0.066044
1136		0.070563
1137		0.065789
1138		0.070271
1139		0.065534
1140		0.069980
1141		0.065281
1142		0.069691
1143		0.065029
1144		0.069403
1145		0.064777
1146		0.069116
1147		0.064527
1148		0.068830
1149		0.064277
1150		0.068546
1151		0.064029
1152		0.068263
1153		0.063781
1154		0.067980
1155		0.063534
1156		0.067700
1157		0.063288
1158		0.067420
1159		0.063043
1160		0.067142
1161		0.062799
1162		0.066864
1163		0.062556
1164		0.066588
1165		0.062314
1166		0.066313
1167		0.062073
1168		0.066040
1169		0.061832
1170		0.065767
1171		0.061593
1172		0.065496
1173		0.061354
1174		0.065225
1175		0.061117
1176		0.064956
1177		0.060880
1178		0.064688
1179		0.060644
1180		0.064422
1181		0.060409
1182		0.064156
1183		0.060175
1184		0.063891
1185		0.059941
1186		0.063628
1187		0.059709
1188		0.063366
1189		0.059478
1190		0.063104
1191		0.059247
1192		0.062844
1193		0.059017
1194		0.062585
1195		0.058788
1196		0.062327
1197		0.058560
1198		0.062071
1199		0.058333
1200		0.061815
1201		0.058107
1202		0.061560
1203		0.057881
1204		0.061307
1205		0.057657
1206		0.061054
1207		0.057433
1208		0.060803
1209		0.057210
1210		0.060553
1211		0.056988
1212		0.060303
1213		0.056766
1214		0.060055
1215		0.056546
1216		0.059808
1217		0.056326
1218		0.059562
1219		0.056108
1220		0.059317
1221		0.055890
1222		0.059073
1223		0.055673
1224		0.058830
1225		0.055456
1226		0.058588
1227		0.055241
1228		0.058347
1229		0.055026
1230		0.058107
1231		0.054812
1232		0.057868
1233		0.054599
1234		0.057630
1235		0.054387
1236		0.057393
1237		0.054175
1238		0.057157
1239		0.053965
1240		0.056923
1241		0.053755
1242		0.056689
1243		0.053546
1244		0.056456
1245		0.053338
1246		0.056224
1247		0.053130
1248		0.055993
1249		0.052923
1250		0.055763
1251		0.052718
1252		0.055534
1253		0.052512
1254		0.055306
1255		0.052308
1256		0.055079
1257		0.052104
1258		0.054853
1259		0.051902
1260		0.054627
1261		0.051700
1262		0.054403
1263		0.051498
1264		0.054180
1265		0.051298
1266		0.053958
1267		0.051098
1268		0.053736
1269		0.050899
1270		0.053516
1271		0.050701
1272		0.053296
1273		0.050503
1274		0.053078
1275		0.050307
1276		0.052860
1277		0.050111
1278		0.052643
1279		0.049915
1280		0.052427
1281		0.049721
1282		0.052212
1283		0.049527
1284		0.051998
1285		0.049334
1286		0.051785
1287		0.049142
1288		0.051573
1289		0.048950
1290		0.051361
1291		0.048759
1292		0.051151
1293		0.048569
1294		0.050941
1295		0.048380
1296		0.050733
1297		0.048191
1298		0.050525
1299		0.048003
1300		0.050318
1301		0.047816
1302		0.050112
1303		0.047629
1304		0.049906
1305		0.047444
1306		0.049702
1307		0.047259
1308		0.049499
1309		0.047074
1310		0.049296
1311		0.046890
1312		0.049094
1313		0.046707
1314		0.048893
1315		0.046525
1316		0.048693
1317		0.046344
1318		0.048494
1319		0.046163
1320		0.048295
1321		0.045982
1322		0.048098
1323		0.045803
1324		0.047901
1325		0.045624
1326		0.047705
1327		0.045446
1328		0.047510
1329		0.045268
1330		0.047315
1331		0.045091
1332		0.047122
1333		0.044915
1334		0.046929
1335		0.044740
1336		0.046737
1337		0.044565
1338		0.046546
1339		0.044391
1340		0.046356
1341		0.044217
1342		0.046166
1343		0.044045
1344		0.045978
1345		0.043873
1346		0.045790
1347		0.043701
1348		0.045603
1349		0.043530
1350		0.045416
1351		0.043360
1352		0.045231
1353		0.043190
1354		0.045046
1355		0.043022
1356		0.044862
1357		0.042853
1358		0.044678
1359		0.042686
1360		0.044496
1361		0.042519
1362		0.044314
1363		0.042353
1364		0.044133
1365		0.042187
1366		0.043953
1367		0.042022
1368		0.043774
1369		0.041857
1370		0.043595
1371		0.041694
1372		0.043417
1373		0.041530
1374		0.043240
1375		0.041368
1376		0.043063
1377		0.041206
1378		0.042887
1379		0.041045
1380		0.042712
1381		0.040884
1382		0.042538
1383		0.040724
1384		0.042364
1385		0.040565
1386		0.042192
1387		0.040406
1388		0.042019
1389		0.040248
1390		0.041848
1391		0.040090
1392		0.041677
1393		0.039933
1394		0.041507
1395		0.039777
1396		0.041338
1397		0.039621
1398		0.041169
1399		0.039466
1400		0.041002
1401		0.039311
1402		0.040834
1403		0.039157
1404		0.040668
1405		0.039003
1406		0.040502
1407		0.038851
1408		0.040337
1409		0.038698
1410		0.040173
1411		0.038547
1412		0.040009
1413		0.038396
1414		0.039846
1415		0.038245
1416		0.039683
1417		0.038095
1418		0.039522
1419		0.037946
1420		0.039361
1421		0.037797
1422		0.039200
1423		0.037649
1424		0.039041
1425		0.037501
1426		0.038882
1427		0.037354
1428		0.038723
1429		0.037208
1430		0.038565
1431		0.037062
1432		0.038408
1433		0.036916
1434		0.038252
1435		0.036772
1436		0.038096
1437		0.036627
1438		0.037941
1439		0.036484
1440		0.037787
1441		0.036341
1442		0.037633
1443		0.036198
1444		0.037480
1445		0.036056
1446		0.037327
1447		0.035914
1448		0.037175
1449		0.035773
1450		0.037024
1451		0.035633
1452		0.036873
1453		0.035493
1454		0.036723
1455		0.035354
1456		0.036574
1457		0.035215
1458		0.036425
1459		0.035077
1460		0.036277
1461		0.034939
1462		0.036129
1463		0.034802
1464		0.035982
1465		0.034665
1466		0.035836
1467		0.034529
1468		0.035690
1469		0.034394
1470		0.035545
1471		0.034258
1472		0.035400
1473		0.034124
1474		0.035256
1475		0.033990
1476		0.035113
1477		0.033856
1478		0.034970
1479		0.033723
1480		0.034828
1481		0.033591
1482		0.034686
1483		0.033459
1484		0.034545
1485		0.033327
1486		0.034405
1487		0.033196
1488		0.034265
1489		0.033066
1490		0.034126
1491		0.032936
1492		0.033987
1493		0.032807
1494		0.033849
1495		0.032678
1496		0.033712
1497		0.032549
1498		0.033575
1499		0.032421
1500		0.033438
1501		0.032294
1502		0.033302
1503		0.032167
1504		0.033167
1505		0.032040
1506		0.033032
1507		0.031914
1508		0.032898
1509		0.031789
1510		0.032765
1511		0.031664
1512		0.032632
1513		0.031539
1514		0.032499
1515		0.031415
1516		0.032367
1517		0.031292
1518		0.032236
1519		0.031168
1520		0.032105
1521		0.031046
1522		0.031974
1523		0.030924
1524		0.031845
1525		0.030802
1526		0.031715
1527		0.030681
1528		0.031587
1529		0.030560
1530		0.031458
1531		0.030440
1532		0.031331
1533		0.030320
1534		0.031204
1535		0.030201
1536		0.031077
1537		0.030082
1538		0.030951
1539		0.029963
1540		0.030825
1541		0.029845
1542		0.030700
1543		0.029728
1544		0.030576
1545		0.029611
1546		0.030452
1547		0.029494
1548		0.030328
1549		0.029378
1550		0.030205
1551		0.029263
1552		0.030083
1553		0.029147
1554		0.029961
1555		0.029033
1556		0.029839
1557		0.028918
1558		0.029718
1559		0.028804
1560		0.029598
1561		0.028691
1562		0.029478
1563		0.028578
1564		0.029358
1565		0.028465
1566		0.029239
1567		0.028353
1568		0.029120
1569		0.028241
1570		0.029002
1571		0.028130
1572		0.028885
1573		0.028019
1574		0.028768
1575		0.027909
1576		0.028651
1577		0.027799
1578		0.028535
1579		0.027689
1580		0.028419
1581		0.027580
1582		0.028304
1583		0.027472
1584		0.028190
1585		0.027363
1586		0.028075
1587		0.027255
1588		0.027962
1589		0.027148
1590		0.027848
1591		0.027041
1592		0.027735
1593		0.026934
1594		0.027623
1595		0.026828
1596		0.027511
1597		0.026722
1598		0.027400
1599		0.026617
1600		0.027289
1601		0.026512
1602		0.027178
1603		0.026408
1604		0.027068
1605		0.026303
1606		0.026959
1607		0.026200
1608		0.026849
1609		0.026096
1610		0.026741
1611		0.025993
1612		0.026632
1613		0.025891
1614		0.026525
1615		0.025789
1616		0.026417
1617		0.025687
1618		0.026310
1619		0.025586
1620		0.026204
1621		0.025485
1622		0.026098
1623		0.025384
1624		0.025992
1625		0.025284
1626		0.025887
1627		0.025184
1628		0.025782
1629		0.025085
1630		0.025678
1631		0.024986
1632		0.025574
1633		0.024887
1634		0.025470
1635		0.024789
1636		0.025367
1637		0.024691
1638		0.025264
1639		0.024594
1640		0.025162
1641		0.024497
1642		0.025060
1643		0.024400
1644		0.024959
1645		0.024304
1646		0.024858
1647		0.024208
1648		0.024758
1649		0.024112
1650		0.024657
1651		0.024017
1652		0.024558
1653		0.023922
1654		0.024458
1655		0.023828
1656		0.024359
1657		0.023734
1658		0.024261
1659		0.023640
1660		0.024163
1661		0.023547
1662		0.024065
1663		0.023454
1664		0.023968
1665		0.023361
1666		0.023871
1667		0.023269
1668		0.023774
1669		0.023177
1670		0.023678
1671		0.023085
1672		0.023582
1673		0.022994
1674		0.023487
1675		0.022903
1676		0.023392
1677		0.022813
1678		0.023298
1679		0.022723
1680		0.023203
1681		0.022633
1682		0.023110
1683		0.022543
1684		0.023016
1685		0.022454
1686		0.022923
1687		0.022366
1688		0.022831
1689		0.022277
1690		0.022738
1691		0.022189
1692		0.022646
1693		0.022102
1694		0.022555
1695		0.022014
1696		0.022464
1697		0.021927
1698		0.022373
1699		0.021841
1700		0.022283
1701		0.021754
1702		0.022193
1703		0.021668
1704		0.022103
1705		0.021583
1706		0.022014
1707		0.021497
1708		0.021925
1709		0.021412
1710		0.021836
1711		0.021328
1712		0.021748
1713		0.021243
1714		0.021660
1715		0.021159
1716		0.021573
1717		0.021076
1718		0.021485
1719		0.020992
1720		0.021399
1721		0.020909
1722		0.021312
1723		0.020827
1724		0.021226
1725		0.020744
1726		0.021140
1727		0.020662
1728		0.021055
1729		0.020580
1730		0.020970
1731		0.020499
1732		0.020885
1733		0.020418
1734		0.020801
1735		0.020337
1736		0.020717
1737		0.020257
1738		0.020633
1739		0.020177
1740		0.020550
1741		0.020097
1742		0.020467
1743		0.020017
1744		0.020385
1745		0.019938
1746		0.020302
1747		0.019859
1748		0.020220
1749		0.019781
1750		0.020139
1751		0.019702
1752		0.020057
1753		0.019624
1754		0.019976
1755		0.019547
1756		0.019896
1757		0.019469
1758		0.019816
1759		0.019392
1760		0.019736
1761		0.019316
1762		0.019656
1763		0.019239
1764		0.019577
1765		0.019163
1766		0.019498
1767		0.019087
1768		0.019419
1769		0.019012
1770		0.019341
1771		0.018936
1772		0.019263
1773		0.018861
1774		0.019185
1775		0.018787
1776		0.019108
1777		0.018712
1778		0.019030
1779		0.018638
1780		0.018954
1781		0.018565
1782		0.018877
1783		0.018491
1784		0.018801
1785		0.018418
1786		0.018725
1787		0.018345
1788		0.018650
1789		0.018272
1790		0.018575
1791		0.018200
1792		0.018500
1793		0.018128
1794		0.018425
1795		0.018056
1796		0.018351
1797		0.017985
1798		0.018277
1799		0.017913
1800		0.018203
1801		0.017842
1802		0.018130
1803		0.017772
1804		0.018056
1805		0.017701
1806		0.017984
1807		0.017631
1808		0.017911
1809		0.017561
1810		0.017839
1811		0.017492
1812		0.017767
1813		0.017423
1814		0.017695
1815		0.017354
1816		0.017624
1817		0.017285
1818		0.017553
1819		0.017216
1820		0.017482
1821		0.017148
1822		0.017412
1823		0.017080
1824		0.017342
1825		0.017013
1826		0.017272
1827		0.016945
1828		0.017202
1829		0.016878
1830		0.017133
1831		0.016811
1832		0.017064
1833		0.016744
1834		0.016995
1835		0.016678
1836		0.016927
1837		0.016612
1838		0.016858
1839		0.016546
1840		0.016790
1841		0.016481
1842		0.016723
1843		0.016415
1844		0.016655
1845		0.016350
1846		0.016588
1847		0.016285
1848		0.016521
1849		0.016221
1850		0.016455
1851		0.016157
1852		0.016389
1853		0.016093
1854		0.016323
1855		0.016029
1856		0.016257
1857		0.015965
1858		0.016191
1859		0.015902
1860		0.016126
1861		0.015839
1862		0.016061
1863		0.015776
1864		0.015996
1865		0.015714
1866		0.015932
1867		0.015651
1868		0.015868
1869		0.015589
1870		0.015804
1871		0.015527
1872		0.015740
1873		0.015466
1874		0.015677
1875		0.015405
1876		0.015614
1877		0.015343
1878		0.015551
1879		0.015283
1880		0.015488
1881		0.015222
1882		0.015426
1883		0.015162
1884		0.015364
1885		0.015101
1886		0.015302
1887		0.015042
1888		0.015240
1889		0.014982
1890		0.015179
1891		0.014923
1892		0.015118
1893		0.014863
1894		0.015057
1895		0.014804
1896		0.014996
1897		0.014746
1898		0.014936
1899		0.014687
1900		0.014876
1901		0.014629
1902		0.014816
1903		0.014571
1904		0.014756
1905		0.014513
1906		0.014697
1907		0.014455
1908		0.014638
1909		0.014398
1910		0.014579
1911		0.014341
1912		0.014520
1913		0.014284
1914		0.014462
1915		0.014227
1916		0.014403
1917		0.014171
1918		0.014346
1919		0.014115
1920		0.014288
1921		0.014059
1922		0.014230
1923		0.014003
1924		0.014173
1925		0.013947
1926		0.014116
1927		0.013892
1928		0.014059
1929		0.013837
1930		0.014003
1931		0.013782
1932		0.013946
1933		0.013727
1934		0.013890
1935		0.013673
1936		0.013834
1937		0.013619
1938		0.013779
1939		0.013565
1940		0.013723
1941		0.013511
1942		0.013668
1943		0.013457
1944		0.013613
1945		0.013404
1946		0.013558
1947		0.013350
1948		0.013504
1949		0.013297
1950		0.013449
1951		0.013245
1952		0.013395
1953		0.013192
1954		0.013341
1955		0.013140
1956		0.013288
1957		0.013088
1958		0.013234
1959		0.013036
1960		0.013181
1961		0.012984
1962		0.013128
1963		0.012932
1964		0.013075
1965		0.012881
1966		0.013023
1967		0.012830
1968		0.012970
1969		0.012779
1970		0.012918
1971		0.012728
1972		0.012866
1973		0.012678
1974		0.012814
1975		0.012627
1976		0.012763
1977		0.012577
1978		0.012712
1979		0.012527
1980		0.012660
1981		0.012477
1982		0.012609
1983		0.012428
1984		0.012559
1985		0.012379
1986		0.012508
1987		0.012329
1988		0.012458
1989		0.012280
1990		0.012408
1991		0.012232
1992		0.012358
1993		0.012183
1994		0.012308
1995		0.012135
1996		0.012259
1997		0.012086
1998		0.012210
1999		0.012038
2000		0.012160
2001		0.011991
2002		0.012112
2003		0.011943
2004		0.012063
2005		0.011896
2006		0.012014
2007		0.011848
2008		0.011966
2009		0.011801
2010		0.011918
2011		0.011754
2012		0.011870
2013		0.011708
2014		0.011822
2015		0.011661
2016		0.011775
2017		0.011615
2018		0.011728
2019		0.011569
2020		0.011680
2021		0.011523
2022		0.011633
2023		0.011477
2024		0.011587
2025		0.011431
2026		0.011540
2027		0.011386
2028		0.011494
2029		0.011341
2030		0.011448
2031		0.011296
2032		0.011402
2033		0.011251
2034		0.011356
2035		0.011206
2036		0.011310
2037		0.011161
2038		0.011265
2039		0.011117
2040		0.011219
2041		0.011073
2042		0.011174
2043		0.011029
2044		0.011129
2045		0.010985
2046		0.011085
2047		0.010941
2048		0.011040
2049		0.010898
2050		0.010996
2051		0.010855
2052		0.010952
2053		0.010812
2054		0.010908
2055		0.010769
2056		0.010864
2057		0.010726
2058		0.010820
2059		0.010683
2060		0.010777
2061		0.010641
2062		0.010733
2063		0.010598
2064		0.010690
2065		0.010556
2066		0.010647
2067		0.010514
2068		0.010605
2069		0.010472
2070		0.010562
2071		0.010431
2072		0.010519
2073		0.010389
2074		0.010477
2075		0.010348
2076		0.010435
2077		0.010307
2078		0.010393
2079		0.010266
2080		0.010351
2081		0.010225
2082		0.010310
2083		0.010185
2084		0.010269
2085		0.010144
2086		0.010227
2087		0.010104
2088		0.010186
2089		0.010064
2090		0.010145
2091		0.010024
2092		0.010105
2093		0.009984
2094		0.010064
2095		0.009944
2096		0.010024
2097		0.009904
2098		0.009983
2099		0.009865
2100		0.009943
2101		0.009826
2102		0.009903
2103		0.009787
2104		0.009863
2105		0.009748
2106		0.009824
2107		0.009709
2108		0.009784
2109		0.009670
2110		0.009745
2111		0.009632
2112		0.009706
2113		0.009594
2114		0.009667
2115		0.009556
2116		0.009628
2117		0.009518
2118		0.009590
2119		0.009480
2120		0.009551
2121		0.009442
2122		0.009513
2123		0.009404
2124		0.009475
2125		0.009367
2126		0.009436
2127		0.009330
2128		0.009399
2129		0.009293
2130		0.009361
2131		0.009256
2132		0.009323
2133		0.009219
2134		0.009286
2135		0.009182
2136		0.009249
2137		0.009146
2138		0.009211
2139		0.009109
2140		0.009174
2141		0.009073
2142		0.009138
2143		0.009037
2144		0.009101
2145		0.009001
2146		0.009064
2147		0.008965
2148		0.009028
2149		0.008930
2150		0.008992
2151		0.008894
2152		0.008956
2153		0.008859
2154		0.008920
2155		0.008823
2156		0.008884
2157		0.008788
2158		0.008848
2159		0.008753
2160		0.008813
2161		0.008719
2162		0.008777
2163		0.008684
2164		0.008742
2165		0.008649
2166		0.008707
2167		0.008615
2168		0.008672
2169		0.008581
2170		0.008637
2171		0.008546
2172		0.008603
2173		0.008512
2174		0.008568
2175		0.008479
2176		0.008534
2177		0.008445
2178		0.008500
2179		0.008411
2180		0.008465
2181		0.008378
2182		0.008431
2183		0.008344
2184		0.008398
2185		0.008311
2186		0.008364
2187		0.008278
2188		0.008330
2189		0.008245
2190		0.008297
2191		0.008212
2192		0.008264
2193		0.008180
2194		0.008231
2195		0.008147
2196		0.008197
2197		0.008115
2198		0.008165
2199		0.008082
2200		0.008132
2201		0.008050
2202		0.008099
2203		0.008018
2204		0.008067
2205		0.007986
2206		0.008034
2207		0.007955
2208		0.008002
2209		0.007923
2210		0.007970
2211		0.007891
2212		0.007938
2213		0.007860
2214		0.007906
2215		0.007829
2216		0.007874
2217		0.007797
2218		0.007843
2219		0.007766
2220		0.007811
2221		0.007735
2222		0.007780
2223		0.007705
2224		0.007749
2225		0.007674
2226		0.007718
2227		0.007643
2228		0.007687
2229		0.007613
2230		0.007656
2231		0.007583
2232		0.007625
2233		0.007553
2234		0.007595
2235		0.007523
2236		0.007564
2237		0.007493
2238		0.007534
2239		0.007463
2240		0.007504
2241		0.007433
2242		0.007474
2243		0.007403
2244		0.007444
2245		0.007374
2246		0.007414
2247		0.007345
2248		0.007384
2249		0.007315
2250		0.007354
2251		0.007286
2252		0.007325
2253		0.007257
2254		0.007296
2255		0.007228
2256		0.007266
2257		0.007200
2258		0.007237
2259		0.007171
2260		0.007208
2261		0.007142
2262		0.007179
2263		0.007114
2264		0.007150
2265		0.007086
2266		0.007122
2267		0.007057
2268		0.007093
2269		0.007029
2270		0.007065
2271		0.007001
2272		0.007036
2273		0.006973
2274		0.007008
2275		0.006946
2276		0.006980
2277		0.006918
2278		0.006952
2279		0.006890
2280		0.006924
2281		0.006863
2282		0.006896
2283		0.006836
2284		0.006869
2285		0.006808
2286		0.006841
2287		0.006781
2288		0.006814
2289		0.006754
2290		0.006787
2291		0.006727
2292		0.006759
2293		0.006701
2294		0.006732
2295		0.006674
2296		0.006705
2297		0.006647
2298		0.006678
2299		0.006621
2300		0.006652
2301		0.006594
2302		0.006625
2303		0.006568
2304		0.006598
2305		0.006542
2306		0.006572
2307		0.006516
2308		0.006546
2309		0.006490
2310		0.006519
2311		0.006464
2312		0.006493
2313		0.006438
2314		0.006467
2315		0.006413
2316		0.006441
2317		0.006387
2318		0.006415
2319		0.006362
2320		0.006390
2321		0.006336
2322		0.006364
2323		0.006311
2324		0.006339
2325		0.006286
2326		0.006313
2327		0.006261
2328		0.006288
2329		0.006236
2330		0.006263
2331		0.006211
2332		0.006238
2333		0.006187
2334		0.006213
2335		0.006162
2336		0.006188
2337		0.006137
2338		0.006163
2339		0.006113
2340		0.006138
2341		0.006089
2342		0.006113
2343		0.006064
2344		0.006089
2345		0.006040
2346		0.006065
2347		0.006016
2348		0.006040
2349		0.005992
2350		0.006016
2351		0.005968
2352		0.005992
2353		0.005944
2354		0.005968
2355		0.005921
2356		0.005944
2357		0.005897
2358		0.005920
2359		0.005874
2360		0.005896
2361		0.005850
2362		0.005873
2363		0.005827
2364		0.005849
2365		0.005804
2366		0.005826
2367		0.005781
2368		0.005803
2369		0.005758
2370		0.005779
2371		0.005735
2372		0.005756
2373		0.005712
2374		0.005733
2375		0.005689
2376		0.005710
2377		0.005666
2378		0.005687
2379		0.005644
2380		0.005664
2381		0.005621
2382		0.005642
2383		0.005599
2384		0.005619
2385		0.005577
2386		0.005597
2387		0.005554
2388		0.005574
2389		0.005532
2390		0.005552
2391		0.005510
2392		0.005530
2393		0.005488
2394		0.005507
2395		0.005466
2396		0.005485
2397		0.005445
2398		0.005463
2399		0.005423
2400		0.005441
2401		0.005401
2402		0.005420
2403		0.005380
2404		0.005398
2405		0.005358
2406		0.005376
2407		0.005337
2408		0.005355
2409		0.005316
2410		0.005333
2411		0.005294
2412		0.005312
2413		0.005273
2414		0.005291
2415		0.005252
2416		0.005269
2417		0.005231
2418		0.005248
2419		0.005211
2420		0.005227
2421		0.005190
2422		0.005206
2423		0.005169
2424		0.005186
2425		0.005149
2426		0.005165
2427		0.005128
2428		0.005144
2429		0.005108
2430		0.005123
2431		0.005087
2432		0.005103
2433		0.005067
2434		0.005082
2435		0.005047
2436		0.005062
2437		0.005027
2438		0.005042
2439		0.005007
2440		0.005022
2441		0.004987
2442		0.005002
2443		0.004967
2444		0.004981
2445		0.004947
2446		0.004962
2447		0.004927
2448		0.004942
2449		0.004908
2450		0.004922
2451		0.004888
2452		0.004902
2453		0.004869
2454		0.004883
2455		0.004849
2456		0.004863
2457		0.004830
2458		0.004843
2459		0.004811
2460		0.004824
2461		0.004791
2462		0.004805
2463		0.004772
2464		0.004786
2465		0.004753
2466		0.004766
2467		0.004734
2468		0.004747
2469		0.004715
2470		0.004728
2471		0.004697
2472		0.004709
2473		0.004678
2474		0.004690
2475		0.004659
2476		0.004672
2477		0.004641
2478		0.004653
2479		0.004622
2480		0.004634
2481		0.004604
2482		0.004616
2483		0.004585
2484		0.004597
2485		0.004567
2486		0.004579
2487		0.004549
2488		0.004560
2489		0.004531
2490		0.004542
2491		0.004513
2492		0.004524
2493		0.004495
2494		0.004506
2495		0.004477
2496		0.004488
2497		0.004459
2498		0.004470
2499		0.004441
2500		0.004452
2501		0.004423
2502		0.004434
2503		0.004406
2504		0.004416
2505		0.004388
2506		0.004399
2507		0.004371
2508		0.004381
2509		0.004353
2510		0.004364
2511		0.004336
2512		0.004346
2513		0.004319
2514		0.004329
2515		0.004301
2516		0.004311
2517		0.004284
2518		0.004294
2519		0.004267
2520		0.004277
2521		0.004250
2522		0.004260
2523		0.004233
2524		0.004243
2525		0.004216
2526		0.004226
2527		0.004200
2528		0.004209
2529		0.004183
2530		0.004192
2531		0.004166
2532		0.004175
2533		0.004150
2534		0.004158
2535		0.004133
2536		0.004142
2537		0.004116
2538		0.004125
2539		0.004100
2540		0.004109
2541		0.004084
2542		0.004092
2543		0.004067
2544		0.004076
2545		0.004051
2546		0.004060
2547		0.004035
2548		0.004043
2549		0.004019
2550		0.004027
2551		0.004003
2552		0.004011
2553		0.003987
2554		0.003995
2555		0.003971
2556		0.003979
2557		0.003955
2558		0.003963
2559		0.003939
2560		0.003947
2561		0.003924
2562		0.003931
2563		0.003908
2564		0.003916
2565		0.003893
2566		0.003900
2567		0.003877
2568		0.003884
2569		0.003862
2570		0.003869
2571		0.003846
2572		0.003853
2573		0.003831
2574		0.003838
2575		0.003816
2576		0.003822
2577		0.003800
2578		0.003807
2579		0.003785
2580		0.003792
2581		0.003770
2582		0.003777
2583		0.003755
2584		0.003762
2585		0.003740
2586		0.003747
2587		0.003725
2588		0.003732
2589		0.003710
2590		0.003717
2591		0.003695
2592		0.003702
2593		0.003681
2594		0.003687
2595		0.003666
2596		0.003672
2597		0.003651
2598		0.003657
2599		0.003637
2600		0.003643
2601		0.003622
2602		0.003628
2603		0.003608
2604		0.003614
2605		0.003593
2606		0.003599
2607		0.003579
2608		0.003585
2609		0.003565
2610		0.003570
2611		0.003551
2612		0.003556
2613		0.003537
2614		0.003542
2615		0.003522
2616		0.003528
2617		0.003508
2618		0.003514
2619		0.003494
2620		0.003500
2621		0.003480
2622		0.003486
2623		0.003467
2624		0.003472
2625		0.003453
2626		0.003458
2627		0.003439
2628		0.003444
2629		0.003425
2630		0.003430
2631		0.003412
2632		0.003416
2633		0.003398
2634		0.003403
2635		0.003384
2636		0.003389
2637		0.003371
2638		0.003375
2639		0.003357
2640		0.003362
2641		0.003344
2642		0.003349
2643		0.003331
2644		0.003335
2645		0.003317
2646		0.003322
2647		0.003304
2648		0.003308
2649		0.003291
2650		0.003295
2651		0.003278
2652		0.003282
2653		0.003265
2654		0.003269
2655		0.003252
2656		0.003256
2657		0.003239
2658		0.003243
2659		0.003226
2660		0.003230
2661		0.003213
2662		0.003217
2663		0.003200
2664		0.003204
2665		0.003187
2666		0.003191
2667		0.003175
2668		0.003178
2669		0.003162
2670		0.003166
2671		0.003149
2672		0.003153
2673		0.003137
2674		0.003140
2675		0.003124
2676		0.003128
2677		0.003112
2678		0.003115
2679		0.003099
2680		0.003103
2681		0.003087
2682		0.003090
2683		0.003075
2684		0.003078
2685		0.003062
2686		0.003066
2687		0.003050
2688		0.003053
2689		0.003038
2690		0.003041
2691		0.003026
2692		0.003029
2693		0.003014
2694		0.003017
2695		0.003002
2696		0.003005
2697		0.002990
2698		0.002993
2699		0.002978
2700		0.002981
2701		0.002966
2702		0.002969
2703		0.002954
2704		0.002957
2705		0.002942
2706		0.002945
2707		0.002931
2708		0.002933
2709		0.002919
2710		0.002922
2711		0.002907
2712		0.002910
2713		0.002896
2714		0.002898
2715		0.002884
2716		0.002887
2717		0.002873
2718		0.002875
2719		0.002861
2720		0.002864
2721		0.002850
2722		0.002852
2723		0.002838
2724		0.002841
2725		0.002827
2726		0.002829
2727		0.002816
2728		0.002818
2729		0.002805
2730		0.002807
2731		0.002793
2732		0.002796
2733		0.002782
2734		0.002784
2735		0.002771
2736		0.002773
2737		0.002760
2738		0.002762
2739		0.002749
2740		0.002751
2741		0.002738
2742		0.002740
2743		0.002727
2744		0.002729
2745		0.002716
2746		0.002718
2747		0.002705
2748		0.002707
2749		0.002695
2750		0.002697
2751		0.002684
2752		0.002686
2753		0.002673
2754		0.002675
2755		0.002663
2756		0.002664
2757		0.002652
2758		0.002654
2759		0.002641
2760		0.002643
2761		0.002631
2762		0.002632
2763		0.002620
2764		0.002622
2765		0.002610
2766		0.002611
2767		0.002599
2768		0.002601
2769		0.002589
2770		0.002591
2771		0.002579
2772		0.002580
2773		0.002568
2774		0.002570
2775		0.002558
2776		0.002560
2777		0.002548
2778		0.002549
2779		0.002538
2780		0.002539
2781		0.002528
2782		0.002529
2783		0.002518
2784		0.002519
2785		0.002508
2786		0.002509
2787		0.002498
2788		0.002499
2789		0.002488
2790		0.002489
2791		0.002478
2792		0.002479
2793		0.002468
2794		0.002469
2795		0.002458
2796		0.002459
2797		0.002448
2798		0.002449
2799		0.002438
2800		0.002439
2801		0.002429
2802		0.002430
2803		0.002419
2804		0.002420
2805		0.002409
2806		0.002410
2807		0.002400
2808		0.002401
2809		0.002390
2810		0.002391
2811		0.002381
2812		0.002381
2813		0.002371
2814		0.002372
2815		0.002362
2816		0.002362
2817		0.002352
2818		0.002353
2819		0.002343
2820		0.002344
2821		0.002333
2822		0.002334
2823		0.002324
2824		0.002325
2825		0.002315
2826		0.002316
2827		0.002306
2828		0.002306
2829		0.002296
2830		0.002297
2831		0.002287
2832		0.002288
2833		0.002278
2834		0.002279
2835		0.002269
2836		0.002270
2837		0.002260
2838		0.002260
2839		0.002251
2840		0.002251
2841		0.002242
2842		0.002242
2843		0.002233
2844		0.002233
2845		0.002224
2846		0.002225
2847		0.002215
2848		0.002216
2849		0.002206
2850		0.002207
2851		0.002198
2852		0.002198
2853		0.002189
2854		0.002189
2855		0.002180
2856		0.002180
2857		0.002171
2858		0.002172
2859		0.002163
2860		0.002163
2861		0.002154
2862		0.002154
2863		0.002145
2864		0.002146
2865		0.002137
2866		0.002137
2867		0.002128
2868		0.002129
2869		0.002120
2870		0.002120
2871		0.002111
2872		0.002112
2873		0.002103
2874		0.002103
2875		0.002095
2876		0.002095
2877		0.002086
2878		0.002086
2879		0.002078
2880		0.002078
2881		0.002070
2882		0.002070
2883		0.002061
2884		0.002061
2885		0.002053
2886		0.002053
2887		0.002045
2888		0.002045
2889		0.002037
2890		0.002037
2891		0.002029
2892		0.002029
2893		0.002020
2894		0.002021
2895		0.002012
2896		0.002012
2897		0.002004
2898		0.002004
2899		0.001996
2900		0.001996
2901		0.001988
2902		0.001988
2903		0.001980
2904		0.001980
2905		0.001973
2906		0.001973
2907		0.001965
2908		0.001965
2909		0.001957
2910		0.001957
2911		0.001949
2912		0.001949
2913		0.001941
2914		0.001941
2915		0.001934
2916		0.001933
2917		0.001926
2918		0.001926
2919		0.001918
2920		0.001918
2921		0.001910
2922		0.001910
2923		0.001903
2924		0.001903
2925		0.001895
2926		0.001895
2927		0.001888
2928		0.001887
2929		0.001880
2930		0.001880
2931		0.001873
2932		0.001872
2933		0.001865
2934		0.001865
2935		0.001858
2936		0.001857
2937		0.001850
2938		0.001850
2939		0.001843
2940		0.001843
2941		0.001836
2942		0.001835
2943		0.001828
2944		0.001828
2945		0.001821
2946		0.001821
2947		0.001814
2948		0.001813
2949		0.001806
2950		0.001806
2951		0.001799
2952		0.001799
2953		0.001792
2954		0.001792
2955		0.001785
2956		0.001784
2957		0.001778
2958		0.001777
2959		0.001771
2960		0.001770
2961		0.001764
2962		0.001763
2963		0.001757
2964		0.001756
2965		0.001749
2966		0.001749
2967		0.001743
2968		0.001742
2969		0.001736
2970		0.001735
2971		0.001729
2972		0.001728
2973		0.001722
2974		0.001721
2975		0.001715
2976		0.001714
2977		0.001708
2978		0.001707
2979		0.001701
2980		0.001701
2981		0.001694
2982		0.001694
2983		0.001688
2984		0.001687
2985		0.001681
2986		0.001680
2987		0.001674
2988		0.001674
2989		0.001667
2990		0.001667
2991		0.001661
2992		0.001660
2993		0.001654
2994		0.001654
2995		0.001648
2996		0.001647
2997		0.001641
2998		0.001640
2999		0.001634
3000		0.001634
3001		0.001628
3002		0.001627
3003		0.001621
3004		0.001621
3005		0.001615
3006		0.001614
3007		0.001609
3008		0.001608
3009		0.001602
3010		0.001601
3011		0.001596
3012		0.001595
3013		0.001589
3014		0.001589
3015		0.001583
3016		0.001582
3017		0.001577
3018		0.001576
3019		0.001570
3020		0.001570
3021		0.001564
3022		0.001563
3023		0.001558
3024		0.001557
3025		0.001552
3026		0.001551
3027		0.001545
3028		0.001545
3029		0.001539
3030		0.001539
3031		0.001533
3032		0.001532
3033		0.001527
3034		0.001526
3035		0.001521
3036		0.001520
3037		0.001515
3038		0.001514
3039		0.001509
3040		0.001508
3041		0.001503
3042		0.001502
3043		0.001497
3044		0.001496
3045		0.001491
3046		0.001490
3047		0.001485
3048		0.001484
3049		0.001479
3050		0.001478
3051		0.001473
3052		0.001472
3053		0.001467
3054		0.001466
3055		0.001461
3056		0.001460
3057		0.001455
3058		0.001455
3059		0.001450
3060		0.001449
3061		0.001444
3062		0.001443
3063		0.001438
3064		0.001437
3065		0.001432
3066		0.001431
3067		0.001427
3068		0.001426
3069		0.001421
3070		0.001420
3071		0.001415
3072		0.001414
3073		0.001410
3074		0.001409
3075		0.001404
3076		0.001403
3077		0.001398
3078		0.001397
3079		0.001393
3080		0.001392
3081		0.001387
3082		0.001386
3083		0.001382
3084		0.001381
3085		0.001376
3086		0.001375
3087		0.001371
3088		0.001370
3089		0.001365
3090		0.001364
3091		0.001360
3092		0.001359
3093		0.001354
3094		0.001353
3095		0.001349
3096		0.001348
3097		0.001343
3098		0.001343
3099		0.001338
3100		0.001337
3101		0.001333
3102		0.001332
3103		0.001327
3104		0.001327
3105		0.001322
3106		0.001321
3107		0.001317
3108		0.001316
3109		0.001312
3110		0.001311
3111		0.001306
3112		0.001305
3113		0.001301
3114		0.001300
3115		0.001296
3116		0.001295
3117		0.001291
3118		0.001290
3119		0.001286
3120		0.001285
3121		0.001280
3122		0.001280
3123		0.001275
3124		0.001274
3125		0.001270
3126		0.001269
3127		0.001265
3128		0.001264
3129		0.001260
3130		0.001259
3131		0.001255
3132		0.001254
3133		0.001250
3134		0.001249
3135		0.001245
3136		0.001244
3137		0.001240
3138		0.001239
3139		0.001235
3140		0.001234
3141		0.001230
3142		0.001229
3143		0.001225
3144		0.001224
3145		0.001220
3146		0.001220
3147		0.001216
3148		0.001215
3149		0.001211
3150		0.001210
3151		0.001206
3152		0.001205
3153		0.001201
3154		0.001200
3155		0.001196
3156		0.001195
3157		0.001192
3158		0.001191
3159		0.001187
3160		0.001186
3161		0.001182
3162		0.001181
3163		0.001177
3164		0.001176
3165		0.001173
3166		0.001172
3167		0.001168
3168		0.001167
3169		0.001163
3170		0.001162
3171		0.001159
3172		0.001158
3173		0.001154
3174		0.001153
3175		0.001149
3176		0.001148
3177		0.001145
3178		0.001144
3179		0.001140
3180		0.001139
3181		0.001136
3182		0.001135
3183		0.001131
3184		0.001130
3185		0.001127
3186		0.001126
3187		0.001122
3188		0.001121
3189		0.001118
3190		0.001117
3191		0.001113
3192		0.001112
3193		0.001109
3194		0.001108
3195		0.001104
3196		0.001103
3197		0.001100
3198		0.001099
3199		0.001095
3200		0.001094
3201		0.001091
3202		0.001090
3203		0.001087
3204		0.001086
3205		0.001082
3206		0.001081
3207		0.001078
3208		0.001077
3209		0.001074
3210		0.001073
3211		0.001069
3212		0.001068
3213		0.001065
3214		0.001064
3215		0.001061
3216		0.001060
3217		0.001057
3218		0.001056
3219		0.001052
3220		0.001051
3221		0.001048
3222		0.001047
3223		0.001044
3224		0.001043
3225		0.001040
3226		0.001039
3227		0.001036
3228		0.001035
3229		0.001032
3230		0.001031
3231		0.001028
3232		0.001027
3233		0.001023
3234		0.001022
3235		0.001019
3236		0.001018
3237		0.001015
3238		0.001014
3239		0.001011
3240		0.001010
3241		0.001007
3242		0.001006
3243		0.001003
3244		0.001002
3245		0.000999
Numero de Interacoes: 3246
RowTest: 25 => [17.074245] =? 17.000000
tempo de leitura: 0.698811
X[0] = 0.090798
X[1] = 0.022662
X[2] = -0.047478
X[3] = 0.122862
X[4] = 0.056730
X[5] = 0.100818
X[6] = 0.062742
X[7] = 0.118854
X[8] = -0.015414
X[9] = 0.024666
X[10] = -0.015414
X[11] = 0.076770
X[12] = 0.146911
X[13] = 0.052722
X[14] = -0.021426
X[15] = 0.070758
X[16] = 0.118854
X[17] = -0.037458
X[18] = -0.021426
X[19] = 0.038694
X[20] = -0.025434
X[21] = 0.142903
X[22] = -0.047478
X[23] = 0.072762
X[24] = 0.028674
X[25] = -0.015414
X[26] = 0.022662
X[27] = 0.114846
X[28] = -0.015414
X[29] = 0.004626
X[30] = 0.068754
X[31] = 0.126870
X[32] = -0.019422
X[33] = -0.023430
X[34] = 0.098814
X[35] = -0.009402
X[36] = 0.030678
X[37] = 0.114846
X[38] = -0.041466
X[39] = 0.064746
X[40] = 0.092802
X[41] = 0.096810
X[42] = -0.007398
X[43] = 0.088794
X[44] = -0.001386
X[45] = 0.124866
X[46] = 0.008634
X[47] = 0.072762
X[48] = 0.138895
X[49] = 0.140899
X[50] = 0.064746
X[51] = -0.037458
X[52] = 0.134886
X[53] = 0.066750
X[54] = -0.009402
X[55] = 0.012642
X[56] = 0.100818
X[57] = 0.062742
X[58] = 0.080778
X[59] = 0.136890
X[60] = 0.020658
X[61] = 0.104826
X[62] = 0.016650
X[63] = -0.043470
X[64] = 0.034686
X[65] = -0.035454
X[66] = -0.003390
X[67] = 0.114846
X[68] = 0.032682
X[69] = 0.110838
X[70] = 0.028674
X[71] = 0.080778
X[72] = 0.056730
X[73] = -0.025434
X[74] = 0.018654
X[75] = 0.010638
X[76] = -0.017418
X[77] = 0.132882
X[78] = 0.042702
X[79] = -0.027438
X[80] = 0.046710
X[81] = -0.041466
X[82] = -0.043470
X[83] = -0.035454
X[84] = -0.001386
X[85] = 0.124866
X[86] = 0.114846
X[87] = 0.016650
X[88] = -0.041466
X[89] = 0.100818
X[90] = 0.086790
X[91] = 0.016650
X[92] = 0.070758
X[93] = -0.003390
X[94] = 0.100818
X[95] = 0.084786
X[96] = 0.044706
X[97] = 0.064746
X[98] = 0.072762
X[99] = 0.004626
X[100] = 0.048714
X[101] = 0.002622
X[102] = 0.014646
X[103] = -0.023430
X[104] = -0.025434
X[105] = 0.074766
X[106] = 0.080778
X[107] = 0.110838
X[108] = 0.056730
X[109] = -0.027438
X[110] = 0.134886
X[111] = 0.058734
X[112] = -0.017418
X[113] = 0.044706
X[114] = 0.072762
X[115] = 0.134886
X[116] = 0.122862
X[117] = 0.140899
X[118] = 0.000618
X[119] = 0.036690
X[120] = -0.003390
X[121] = 0.042702
X[122] = 0.006630
X[123] = 0.116850
X[124] = 0.088794
X[125] = -0.041466
X[126] = -0.043470
X[127] = 0.086790
X[128] = -0.023430
X[129] = 0.078774
X[130] = 0.044706
X[131] = -0.021426
X[132] = 0.034686
X[133] = 0.110838
X[134] = 0.006630
X[135] = -0.037458
X[136] = 0.138895
X[137] = 0.136890
X[138] = 0.124866
X[139] = -0.039462
X[140] = 0.012642
X[141] = 0.058734
X[142] = 0.096810
X[143] = 0.010638
X[144] = 0.084786
X[145] = -0.015414
X[146] = 0.088794
X[147] = 0.074766
X[148] = 0.036690
X[149] = -0.025434
X[150] = 0.024666
X[151] = 0.032682
X[152] = 0.030678
X[153] = -0.007398
X[154] = -0.029442
X[155] = 0.142903
X[156] = 0.102822
X[157] = 0.012642
X[158] = -0.029442
X[159] = 0.134886
X[160] = 0.106830
X[161] = -0.001386
X[162] = 0.018654
X[163] = -0.029442
X[164] = -0.041466
X[165] = 0.030678
X[166] = -0.039462
X[167] = 0.146911
X[168] = 0.108834
X[169] = 0.064746
X[170] = 0.060738
X[171] = -0.029442
X[172] = -0.027438
X[173] = 0.110838
X[174] = 0.032682
X[175] = 0.106830
X[176] = 0.144907
X[177] = -0.029442
X[178] = 0.134886
X[179] = 0.134886
X[180] = 0.098814
X[181] = 0.010638
X[182] = 0.016650
X[183] = 0.082782
X[184] = -0.043470
X[185] = 0.142903
X[186] = 0.076770
X[187] = 0.108834
X[188] = 0.004626
X[189] = 0.000618
X[190] = 0.092802
X[191] = 0.064746
X[192] = -0.047478
X[193] = 0.064746
X[194] = 0.086790
X[195] = -0.037458
X[196] = 0.048714
X[197] = 0.000618
X[198] = 0.062742
X[199] = 0.008634
X[200] = 0.114846
X[201] = 0.076770
X[202] = 0.028674
X[203] = 0.040698
X[204] = 0.036690
X[205] = 0.014646
X[206] = 0.100818
X[207] = 0.134886
X[208] = 0.138895
X[209] = -0.011406
X[210] = 0.120858
X[211] = 0.086790
X[212] = -0.047478
X[213] = -0.013410
X[214] = 0.124866
X[215] = -0.041466
X[216] = -0.021426
X[217] = -0.045474
X[218] = 0.020658
X[219] = 0.136890
X[220] = 0.108834
X[221] = 0.066750
X[222] = 0.052722
X[223] = 0.110838
X[224] = 0.084786
X[225] = 0.092802
X[226] = 0.026670
X[227] = -0.015414
X[228] = 0.046710
X[229] = 0.042702
X[230] = 0.042702
X[231] = 0.114846
X[232] = -0.031446
X[233] = 0.024666
X[234] = 0.108834
X[235] = -0.041466
X[236] = -0.005394
X[237] = 0.058734
X[238] = 0.144907
X[239] = -0.017418
X[240] = 0.096810
X[241] = 0.114846
X[242] = 0.024666
X[243] = 0.100818
X[244] = 0.054726
X[245] = -0.001386
X[246] = 0.012642
X[247] = 0.084786
X[248] = 0.002622
X[249] = -0.011406
X[250] = -0.025434
X[251] = -0.039462
X[252] = 0.104826
X[253] = -0.019422
X[254] = 0.024666
X[255] = 0.040698
X[256] = 0.122862
X[257] = 0.006630
X[258] = -0.021426
X[259] = 0.122862
X[260] = 0.098814
X[261] = -0.025434
X[262] = -0.009402
X[263] = 0.022662
X[264] = -0.047478
X[265] = 0.148915
X[266] = 0.030678
X[267] = -0.003390
X[268] = 0.056730
X[269] = 0.024666
X[270] = 0.030678
X[271] = 0.108834
X[272] = 0.092802
X[273] = 0.008634
X[274] = -0.037458
X[275] = -0.001386
X[276] = 0.056730
X[277] = 0.128874
X[278] = 0.036690
X[279] = 0.012642
X[280] = -0.033450
X[281] = 0.060738
X[282] = 0.126870
X[283] = 0.026670
X[284] = 0.092802
X[285] = 0.104826
X[286] = 0.020658
X[287] = -0.031446
X[288] = 0.064746
X[289] = -0.047478
X[290] = 0.046710
X[291] = 0.014646
X[292] = -0.023430
X[293] = 0.086790
X[294] = -0.009402
X[295] = -0.021426
X[296] = 0.086790
X[297] = 0.070758
X[298] = 0.026670
X[299] = 0.096810
X[300] = 0.050718
X[301] = 0.010638
X[302] = 0.054726
X[303] = -0.007398
X[304] = 0.068754
X[305] = -0.029442
X[306] = 0.144907
X[307] = 0.078774
X[308] = 0.030678
X[309] = 0.044706
X[310] = 0.070758
X[311] = 0.142903
X[312] = 0.124866
X[313] = 0.050718
X[314] = -0.011406
X[315] = 0.078774
X[316] = 0.120858
X[317] = 0.110838
X[318] = -0.005394
X[319] = 0.122862
X[320] = 0.006630
X[321] = -0.037458
X[322] = 0.052722
X[323] = 0.144907
X[324] = 0.002622
X[325] = 0.082782
X[326] = 0.080778
X[327] = 0.026670
X[328] = 0.062742
X[329] = 0.130878
X[330] = 0.126870
X[331] = 0.026670
X[332] = 0.140899
X[333] = 0.074766
X[334] = 0.048714
X[335] = -0.039462
X[336] = 0.068754
X[337] = -0.023430
X[338] = 0.064746
X[339] = 0.070758
X[340] = 0.090798
X[341] = 0.046710
X[342] = 0.044706
X[343] = -0.009402
X[344] = -0.011406
X[345] = 0.076770
X[346] = 0.066750
X[347] = 0.148915
X[348] = 0.024666
X[349] = 0.142903
X[350] = 0.110838
X[351] = 0.036690
X[352] = 0.104826
X[353] = -0.007398
X[354] = 0.082782
X[355] = 0.138895
X[356] = 0.070758
X[357] = 0.098814
X[358] = 0.118854
X[359] = 0.078774
X[360] = 0.012642
X[361] = -0.021426
X[362] = -0.023430
X[363] = 0.024666
X[364] = 0.098814
X[365] = 0.002622
X[366] = 0.042702
X[367] = 0.002622
X[368] = 0.026670
X[369] = 0.086790
X[370] = 0.002622
X[371] = 0.024666
X[372] = 0.032682
X[373] = 0.144907
X[374] = 0.054726
X[375] = 0.148915
X[376] = 0.142903
X[377] = 0.130878
X[378] = 0.044706
X[379] = 0.102822
X[380] = 0.016650
X[381] = 0.044706
X[382] = -0.039462
X[383] = 0.060738
X[384] = 0.080778
X[385] = 0.052722
X[386] = 0.084786
X[387] = 0.132882
X[388] = 0.022662
X[389] = 0.084786
X[390] = 0.060738
X[391] = 0.084786
X[392] = 0.114846
X[393] = 0.086790
X[394] = 0.062742
X[395] = -0.033450
X[396] = 0.042702
X[397] = 0.060738
X[398] = 0.122862
X[399] = 0.022662
X[400] = 0.100818
X[401] = -0.025434
X[402] = 0.000618
X[403] = -0.017418
X[404] = -0.031446
X[405] = 0.106830
X[406] = 0.084786
X[407] = 0.064746
X[408] = 0.086790
X[409] = -0.019422
X[410] = 0.122862
X[411] = 0.056730
X[412] = -0.021426
X[413] = 0.036690
X[414] = 0.070758
X[415] = 0.110838
X[416] = 0.140899
X[417] = 0.004626
X[418] = -0.003390
X[419] = 0.116850
X[420] = 0.044706
X[421] = 0.108834
X[422] = -0.045474
X[423] = 0.112842
X[424] = 0.148915
X[425] = -0.027438
X[426] = 0.128874
X[427] = 0.146911
X[428] = 0.082782
X[429] = 0.100818
X[430] = 0.018654
X[431] = 0.032682
X[432] = 0.028674
X[433] = 0.070758
X[434] = -0.029442
X[435] = 0.130878
X[436] = 0.104826
X[437] = 0.064746
X[438] = -0.029442
X[439] = 0.134886
X[440] = 0.140899
X[441] = 0.076770
X[442] = 0.068754
X[443] = 0.028674
X[444] = -0.001386
X[445] = 0.132882
X[446] = 0.018654
X[447] = -0.043470
X[448] = -0.021426
X[449] = 0.088794
X[450] = 0.050718
X[451] = 0.040698
X[452] = 0.092802
X[453] = 0.012642
X[454] = 0.040698
X[455] = 0.114846
X[456] = -0.009402
X[457] = 0.036690
X[458] = 0.044706
X[459] = 0.008634
X[460] = 0.034686
X[461] = 0.122862
X[462] = 0.032682
X[463] = -0.041466
X[464] = 0.026670
X[465] = 0.012642
X[466] = 0.112842
X[467] = 0.142903
X[468] = 0.032682
X[469] = 0.002622
X[470] = 0.036690
X[471] = 0.064746
X[472] = 0.120858
X[473] = 0.018654
X[474] = 0.112842
X[475] = 0.102822
X[476] = -0.009402
X[477] = 0.118854
X[478] = 0.034686
X[479] = 0.128874
X[480] = 0.124866
X[481] = 0.126870
X[482] = 0.072762
X[483] = -0.013410
X[484] = 0.120858
X[485] = 0.036690
X[486] = 0.132882
X[487] = 0.110838
X[488] = 0.038694
X[489] = 0.130878
X[490] = -0.031446
X[491] = 0.026670
X[492] = 0.008634
X[493] = -0.043470
X[494] = 0.034686
X[495] = 0.084786
X[496] = 0.018654
X[497] = -0.003390
X[498] = -0.019422
X[499] = 0.006630
